[41, 12, 2, 63, 48, 11, 52, 46, 29, 92, 35, 36, 72, 96, 74, 79, 14, 15, 64, 43, 70, 97, 56, 85, 82, 81, 97, 5, 2, 40, 3, 25, 87, 46, 43, 16, 21, 85, 63, 19, 85, 62, 61, 35, 13, 15, 35, 73, 82, 89, 59, 95, 93, 100, 70, 41, 93, 18, 73, 21, 47, 41, 31, 92, 63, 54, 62, 16, 68, 87, 7, 73, 38, 25, 63, 74, 12, 31, 15, 34, 55, 93, 8, 48, 95, 90, 24, 14, 52, 49, 51, 1, 82, 37, 81, 46, 4, 88, 90, 17, 65, 34, 45, 17, 78, 86, 98, 1, 1, 8, 21, 90, 47, 53, 82, 63, 87, 60, 56, 69, 65, 84, 56, 1, 17, 100, 54, 49, 50, 81, 20, 32, 86, 40, 57, 21, 10, 65, 6, 11, 41, 95, 21, 99, 35, 71, 29, 31, 86, 60]
[7, 15, 99, 40, 40, 67, 62, 27, 53, 74, 11, 87, 54, 67, 72, 12, 74, 3, 69, 57, 78, 6, 96, 65, 25, 77, 53, 24, 44, 69, 65, 72, 90, 83, 27, 77, 96, 71, 66, 29, 87, 62, 42, 47, 27, 55, 12, 79, 84, 5, 56, 6, 99, 38, 46, 99, 14, 39, 53, 66, 26, 99, 98, 82, 91, 99, 32, 26, 3, 44, 41, 63, 92, 52, 45, 34, 66, 91, 90, 96, 88, 17, 82, 51, 97, 6, 15, 42, 76, 7, 72, 60, 93, 57, 53, 48, 56, 50, 6, 37, 88, 54, 27, 64, 27, 38, 24, 43, 51, 67, 100, 2, 97, 39, 18, 14, 94, 31, 52, 66, 39, 95, 73, 40, 16, 45, 32, 32, 24, 18, 92, 64, 62, 78, 83, 5, 3, 50, 20, 68, 4, 82, 44, 28, 96, 38, 77, 38, 70, 51]
[7, 42, 56, 75, 40, 85, 23, 1, 7, 15, 22, 38, 7, 10, 21, 80, 92, 13, 86, 84, 35, 80, 88, 34, 61, 4, 6, 2, 40, 28, 93, 1, 85, 92, 93, 1, 87, 7, 38, 93, 53, 60, 35, 100, 24, 60, 4, 100, 75, 9, 5, 71, 68, 91, 87, 75, 5, 35, 85, 89, 84, 69, 50, 66, 5, 18, 85, 74, 7, 31, 31, 25, 92, 9, 97, 58, 91, 84, 84, 43, 77, 3, 43, 58, 80, 66, 18, 100, 13, 49, 72, 65, 57, 2, 22, 20, 60, 11, 48, 95, 70, 34, 64, 44, 94, 96, 9, 52, 92, 41, 49, 22, 20, 47, 95, 60, 19, 1, 70, 72, 57, 78, 90, 32, 65, 61, 94, 43, 20, 78, 33, 69, 31, 97, 5, 54, 50, 73, 60, 95, 20, 71, 41, 40, 56, 25, 36, 49, 68, 86]
[49, 32, 70, 38, 83, 11, 31, 50, 90, 81, 63, 14, 51, 69, 82, 99, 57, 42, 98, 91, 92, 19, 68, 13, 51, 88, 14, 79, 86, 35, 79, 1, 3, 66, 92, 22, 63, 83, 15, 56, 91, 50, 3, 55, 31, 73, 48, 33, 85, 60, 44, 55, 26, 84, 56, 28, 82, 11, 74, 32, 13, 43, 73, 40, 5, 68, 70, 9, 5, 37, 80, 72, 41, 62, 3, 1, 65, 99, 6, 13, 34, 11, 7, 46, 80, 54, 80, 74, 54, 8, 49, 24, 81, 48, 5, 12, 74, 84, 60, 42, 70, 67, 30, 44, 21, 24, 48, 94, 95, 11, 82, 67, 46, 55, 76, 84, 8, 14, 87, 57, 76, 96, 48, 46, 61, 99, 32, 25, 83, 54, 33, 35, 66, 68, 23, 61, 66, 3, 37, 60, 9, 95, 86, 5, 10, 45, 80, 18, 91, 36]
[57, 73, 1, 78, 71, 32, 16, 99, 70, 91, 32, 17, 59, 2, 21, 51, 23, 100, 3, 18, 86, 93, 95, 87, 5, 4, 14, 27, 23, 19, 52, 70, 70, 79, 9, 1, 62, 66, 78, 72, 92, 60, 48, 22, 19, 45, 74, 71, 66, 38, 89, 37, 56, 57, 35, 66, 53, 11, 32, 53, 22, 36, 4, 42, 14, 37, 95, 29, 59, 54, 36, 63, 16, 81, 84, 62, 82, 5, 95, 98, 18, 66, 42, 59, 98, 100, 31, 31, 52, 53, 37, 56, 42, 16, 26, 14, 87, 65, 66, 42, 90, 80, 4, 57, 5, 44, 89, 94, 78, 37, 24, 2, 27, 20, 96, 98, 51, 65, 19, 68, 28, 3, 92, 2, 94, 36, 14, 33, 16, 35, 33, 88, 56, 24, 41, 14, 34, 67, 97, 89, 82, 15, 52, 30, 34, 65, 46, 88, 38, 80]
[92, 15, 50, 52, 96, 96, 62, 38, 22, 38, 34, 83, 6, 31, 6, 31, 46, 25, 24, 19, 1, 79, 17, 14, 35, 43, 27, 80, 27, 65, 42, 84, 9, 23, 59, 14, 4, 97, 33, 1, 26, 81, 69, 53, 52, 12, 51, 68, 82, 76, 66, 76, 60, 31, 92, 27, 37, 67, 50, 56, 6, 21, 43, 62, 45, 74, 12, 79, 47, 81, 88, 20, 80, 85, 64, 9, 32, 97, 35, 77, 86, 59, 32, 44, 79, 47, 3, 53, 57, 61, 31, 50, 12, 48, 71, 98, 35, 77, 81, 23, 94, 40, 71, 88, 35, 12, 32, 89, 58, 80, 26, 47, 71, 18, 52, 30, 64, 29, 41, 56, 69, 39, 18, 34, 95, 87, 35, 84, 16, 87, 14, 66, 5, 96, 92, 67, 42, 30, 89, 61, 44, 9, 82, 20, 48, 90, 54, 34, 89, 70]
[8, 25, 7, 53, 57, 84, 99, 88, 66, 30, 17, 34, 7, 68, 73, 82, 55, 80, 62, 33, 11, 14, 67, 59, 73, 56, 83, 5, 95, 19, 7, 31, 94, 85, 3, 64, 80, 18, 12, 43, 70, 55, 31, 13, 53, 76, 4, 87, 77, 63, 26, 24, 19, 42, 98, 67, 49, 47, 55, 57, 75, 43, 21, 30, 29, 53, 35, 19, 10, 60, 68, 11, 42, 86, 34, 22, 79, 25, 72, 61, 58, 74, 44, 61, 48, 64, 99, 48, 21, 99, 68, 38, 6, 23, 88, 94, 10, 26, 73, 24, 98, 34, 77, 28, 73, 46, 86, 69, 88, 98, 99, 14, 54, 1, 30, 21, 68, 30, 92, 38, 5, 84, 93, 71, 98, 85, 21, 65, 69, 72, 67, 13, 73, 83, 13, 83, 90, 23, 15, 71, 97, 13, 100, 97, 46, 36, 43, 60, 99, 75]
[69, 82, 14, 7, 5, 2, 16, 6, 50, 54, 79, 25, 75, 7, 82, 18, 80, 73, 96, 25, 7, 49, 50, 90, 5, 22, 54, 45, 38, 58, 44, 29, 36, 86, 47, 22, 96, 71, 23, 66, 77, 100, 52, 92, 49, 57, 14, 20, 4, 95, 90, 16, 34, 42, 42, 26, 69, 80, 15, 66, 67, 59, 54, 22, 55, 1, 83, 64, 98, 16, 53, 28, 64, 45, 63, 3, 59, 54, 58, 3, 95, 72, 53, 25, 46, 59, 94, 24, 55, 85, 88, 30, 34, 46, 3, 75, 54, 40, 53, 65, 11, 43, 22, 95, 86, 21, 49, 93, 95, 81, 2, 82, 88, 52, 85, 22, 68, 72, 6, 23, 97, 88, 63, 50, 12, 75, 48, 57, 56, 74, 99, 49, 58, 72, 56, 9, 24, 2, 91, 42, 34, 38, 9, 65, 44, 70, 22, 41, 9, 52]
[3, 49, 70, 87, 45, 47, 90, 97, 58, 87, 11, 70, 73, 29, 62, 14, 100, 1, 13, 43, 42, 66, 44, 91, 71, 41, 90, 18, 6, 88, 25, 82, 36, 3, 78, 73, 55, 58, 44, 92, 79, 49, 75, 74, 57, 70, 7, 20, 49, 81, 47, 7, 88, 16, 25, 24, 15, 37, 34, 85, 84, 78, 14, 28, 5, 37, 71, 82, 56, 14, 87, 36, 17, 33, 50, 56, 29, 95, 39, 11, 32, 57, 33, 31, 98, 27, 87, 95, 99, 63, 9, 17, 26, 33, 91, 79, 30, 78, 98, 32, 58, 65, 51, 23, 41, 30, 10, 47, 66, 48, 78, 73, 27, 73, 66, 41, 55, 16, 20, 1, 51, 73, 31, 72, 66, 100, 84, 26, 48, 19, 49, 3, 25, 77, 99, 26, 76, 90, 13, 1, 65, 9, 45, 99, 27, 3, 79, 36, 14, 95]
[74, 70, 2, 26, 22, 7, 20, 11, 97, 40, 10, 65, 7, 96, 59, 53, 33, 65, 79, 18, 45, 22, 10, 12, 25, 67, 55, 36, 69, 8, 72, 76, 75, 71, 69, 1, 80, 83, 82, 73, 82, 96, 32, 88, 74, 90, 17, 47, 34, 1, 47, 7, 23, 18, 17, 69, 69, 30, 75, 70, 61, 91, 32, 75, 54, 49, 74, 64, 26, 11, 28, 78, 50, 87, 80, 100, 27, 4, 63, 35, 25, 80, 75, 23, 65, 72, 1, 96, 46, 42, 19, 82, 81, 5, 7, 44, 48, 99, 14, 13, 94, 20, 95, 97, 44, 99, 100, 62, 80, 60, 88, 86, 21, 48, 81, 70, 82, 81, 88, 91, 46, 44, 3, 87, 43, 61, 69, 7, 38, 97, 46, 7, 14, 59, 73, 16, 2, 81, 34, 24, 12, 82, 82, 58, 72, 84, 45, 77, 18, 62]
[51, 78, 89, 43, 98, 22, 3, 1, 22, 93, 73, 54, 84, 40, 93, 68, 78, 56, 71, 85, 29, 88, 70, 64, 32, 69, 73, 9, 48, 23, 72, 79, 73, 72, 71, 87, 71, 6, 65, 49, 50, 7, 15, 21, 47, 64, 35, 49, 66, 55, 75, 25, 2, 14, 81, 58, 48, 96, 42, 43, 65, 64, 60, 17, 24, 2, 70, 3, 98, 75, 38, 8, 61, 14, 100, 91, 80, 75, 11, 92, 26, 63, 80, 45, 34, 91, 91, 17, 46, 6, 44, 97, 45, 14, 30, 79, 59, 79, 66, 30, 98, 70, 7, 28, 49, 25, 58, 56, 2, 21, 60, 71, 75, 32, 88, 69, 6, 97, 43, 1, 28, 60, 44, 80, 35, 54, 6, 88, 18, 69, 64, 41, 63, 37, 38, 2, 80, 60, 46, 55, 65, 82, 52, 24, 71, 46, 24, 24, 94, 42]
[81, 76, 52, 65, 32, 62, 34, 13, 86, 45, 66, 81, 45, 47, 21, 40, 23, 88, 88, 50, 47, 84, 96, 70, 100, 19, 64, 36, 57, 18, 39, 75, 78, 11, 87, 3, 96, 72, 28, 63, 32, 87, 49, 6, 95, 52, 34, 77, 46, 46, 26, 53, 7, 23, 73, 15, 43, 5, 97, 97, 86, 70, 38, 17, 62, 78, 32, 1, 21, 71, 21, 10, 100, 76, 81, 93, 70, 9, 45, 11, 31, 46, 97, 11, 61, 23, 56, 97, 33, 90, 88, 100, 100, 41, 93, 52, 15, 13, 85, 49, 24, 58, 8, 54, 59, 37, 92, 36, 33, 51, 60, 56, 96, 75, 3, 100, 19, 70, 25, 68, 38, 47, 32, 64, 33, 47, 54, 31, 98, 55, 26, 21, 12, 34, 56, 11, 29, 52, 77, 64, 92, 99, 38, 94, 90, 24, 47, 97, 91, 62]
[26, 74, 98, 84, 35, 38, 52, 3, 88, 39, 21, 78, 80, 17, 53, 77, 14, 69, 87, 21, 61, 25, 64, 24, 23, 50, 62, 97, 40, 26, 92, 2, 3, 47, 51, 26, 56, 46, 5, 73, 34, 45, 30, 35, 60, 5, 26, 17, 42, 76, 83, 21, 17, 9, 85, 55, 5, 33, 78, 47, 30, 70, 94, 23, 57, 6, 7, 34, 42, 10, 65, 88, 10, 11, 35, 28, 57, 83, 37, 22, 14, 32, 14, 75, 58, 55, 19, 93, 63, 28, 22, 86, 70, 82, 45, 70, 42, 51, 3, 3, 18, 4, 30, 71, 53, 10, 97, 55, 2, 8, 75, 36, 29, 72, 16, 33, 27, 89, 75, 19, 7, 64, 76, 60, 88, 59, 39, 39, 7, 32, 78, 24, 82, 52, 65, 12, 80, 7, 47, 4, 17, 87, 23, 15, 55, 62, 71, 18, 90, 23]
[99, 73, 99, 59, 77, 39, 49, 59, 85, 37, 26, 77, 99, 1, 6, 19, 36, 87, 80, 54, 51, 81, 72, 2, 30, 90, 80, 69, 52, 51, 65, 72, 10, 19, 65, 11, 23, 33, 74, 81, 69, 90, 9, 36, 56, 75, 78, 95, 77, 80, 72, 69, 9, 16, 69, 90, 65, 72, 70, 54, 40, 34, 93, 58, 92, 95, 87, 95, 73, 32, 93, 29, 80, 68, 11, 71, 48, 77, 23, 61, 61, 75, 32, 46, 31, 54, 68, 38, 40, 56, 2, 9, 26, 6, 72, 10, 29, 14, 15, 51, 25, 9, 98, 18, 55, 92, 68, 58, 77, 75, 17, 36, 67, 25, 90, 50, 73, 25, 2, 88, 31, 88, 20, 85, 56, 4, 11, 60, 76, 85, 51, 52, 65, 2, 70, 63, 97, 54, 16, 48, 7, 94, 9, 47, 23, 74, 90, 9, 94, 73]
[94, 36, 97, 67, 84, 39, 25, 17, 53, 19, 19, 10, 42, 6, 98, 72, 4, 26, 90, 92, 5, 49, 21, 6, 18, 51, 13, 35, 12, 59, 58, 33, 67, 27, 98, 2, 13, 49, 11, 94, 87, 80, 43, 91, 95, 51, 9, 66, 92, 42, 28, 92, 17, 5, 43, 32, 41, 26, 18, 93, 83, 33, 47, 59, 14, 76, 18, 59, 55, 40, 91, 11, 16, 78, 3, 18, 11, 65, 45, 21, 73, 87, 44, 8, 53, 42, 18, 32, 90, 35, 71, 77, 60, 4, 42, 3, 1, 6, 63, 10, 51, 56, 32, 53, 19, 32, 67, 5, 86, 87, 38, 43, 80, 71, 59, 92, 80, 90, 36, 41, 47, 92, 26, 87, 53, 88, 77, 58, 67, 49, 39, 88, 63, 49, 24, 42, 97, 53, 14, 83, 60, 4, 53, 46, 79, 19, 91, 9, 70, 25]
[98, 78, 87, 72, 39, 7, 35, 68, 28, 64, 54, 35, 11, 47, 72, 4, 1, 39, 14, 74, 87, 94, 89, 96, 42, 78, 59, 87, 94, 100, 99, 20, 69, 24, 93, 89, 65, 32, 6, 5, 18, 29, 34, 55, 60, 4, 61, 60, 62, 99, 31, 46, 7, 27, 41, 65, 30, 17, 31, 2, 27, 67, 69, 64, 12, 15, 18, 8, 8, 34, 48, 18, 56, 27, 93, 59, 95, 19, 28, 93, 26, 87, 28, 17, 16, 8, 90, 54, 74, 81, 67, 40, 98, 3, 54, 53, 60, 40, 42, 73, 42, 79, 92, 81, 68, 93, 62, 41, 22, 2, 86, 24, 71, 10, 37, 57, 68, 67, 12, 100, 93, 40, 93, 91, 7, 24, 99, 35, 97, 65, 79, 10, 91, 51, 83, 13, 85, 16, 45, 53, 26, 70, 1, 44, 91, 64, 42, 72, 11, 84]
[72, 42, 82, 35, 25, 99, 23, 14, 15, 31, 66, 16, 68, 7, 38, 29, 9, 12, 72, 30, 15, 24, 97, 21, 91, 58, 41, 46, 46, 43, 55, 15, 59, 99, 21, 44, 58, 43, 45, 77, 86, 78, 91, 49, 11, 71, 40, 44, 63, 77, 3, 41, 97, 89, 41, 40, 80, 97, 20, 30, 65, 29, 54, 17, 36, 23, 41, 50, 36, 42, 25, 18, 96, 95, 73, 83, 50, 23, 8, 80, 63, 67, 81, 36, 44, 93, 18, 41, 79, 77, 62, 82, 51, 25, 82, 29, 76, 22, 45, 62, 65, 23, 39, 30, 7, 81, 29, 76, 76, 39, 98, 51, 84, 55, 90, 62, 73, 19, 81, 58, 97, 47, 54, 41, 7, 9, 14, 1, 100, 90, 38, 89, 19, 36, 23, 58, 48, 76, 32, 75, 98, 55, 95, 28, 17, 65, 9, 56, 13, 97]
[37, 85, 2, 53, 98, 16, 46, 50, 40, 14, 35, 95, 72, 63, 55, 90, 2, 56, 29, 64, 82, 32, 10, 20, 8, 79, 53, 40, 91, 23, 82, 83, 92, 38, 46, 90, 52, 17, 62, 87, 72, 2, 75, 29, 6, 98, 3, 50, 71, 51, 85, 46, 69, 90, 69, 44, 80, 18, 88, 87, 26, 91, 13, 72, 51, 43, 13, 83, 31, 70, 55, 93, 69, 65, 9, 2, 65, 36, 66, 66, 94, 90, 43, 8, 70, 22, 34, 72, 12, 83, 69, 27, 68, 71, 84, 57, 49, 78, 38, 52, 9, 86, 91, 10, 8, 51, 51, 12, 71, 73, 37, 14, 84, 28, 3, 1, 99, 35, 97, 54, 32, 31, 17, 34, 48, 20, 83, 18, 41, 30, 8, 30, 23, 8, 68, 19, 41, 96, 15, 15, 21, 99, 81, 93, 56, 6, 13, 11, 6, 19]
[34, 45, 8, 5, 66, 6, 28, 87, 55, 68, 64, 82, 19, 20, 25, 20, 90, 15, 75, 93, 83, 47, 33, 93, 12, 18, 52, 71, 35, 93, 37, 69, 69, 33, 92, 100, 38, 4, 38, 71, 80, 14, 57, 19, 96, 86, 65, 25, 32, 75, 94, 91, 8, 17, 54, 72, 60, 29, 52, 17, 26, 26, 6, 66, 5, 44, 83, 68, 35, 49, 51, 37, 7, 38, 1, 24, 92, 98, 36, 16, 32, 67, 53, 50, 30, 30, 18, 57, 65, 11, 85, 68, 98, 80, 70, 40, 37, 6, 82, 94, 100, 81, 56, 33, 26, 55, 9, 90, 1, 21, 34, 44, 86, 69, 81, 65, 25, 88, 45, 42, 9, 62, 82, 96, 40, 75, 28, 5, 26, 36, 5, 69, 75, 63, 47, 74, 34, 94, 5, 61, 79, 39, 11, 70, 40, 89, 58, 15, 83, 45]
[50, 80, 20, 100, 39, 51, 42, 42, 14, 83, 48, 50, 80, 51, 93, 73, 99, 70, 49, 64, 86, 21, 88, 72, 36, 79, 52, 69, 83, 42, 14, 32, 45, 55, 96, 28, 66, 70, 9, 73, 56, 81, 7, 59, 3, 94, 21, 31, 95, 99, 89, 44, 70, 99, 14, 2, 63, 3, 85, 51, 72, 89, 26, 68, 34, 7, 86, 23, 13, 24, 25, 50, 72, 3, 32, 89, 16, 91, 9, 34, 89, 88, 53, 11, 42, 98, 98, 14, 28, 53, 66, 50, 54, 66, 6, 18, 19, 5, 41, 91, 15, 27, 6, 4, 47, 96, 78, 39, 60, 88, 91, 41, 6, 18, 2, 60, 64, 32, 34, 67, 77, 71, 79, 92, 39, 37, 76, 9, 75, 30, 79, 88, 98, 4, 16, 82, 82, 82, 50, 62, 91, 21, 3, 1, 15, 12, 10, 57, 91, 20]
[45, 24, 39, 24, 50, 28, 79, 29, 24, 25, 63, 24, 2, 8, 48, 59, 14, 83, 39, 26, 68, 38, 35, 87, 29, 72, 40, 4, 69, 32, 79, 66, 95, 46, 4, 70, 58, 60, 81, 42, 95, 17, 91, 5, 60, 10, 89, 35, 53, 60, 9, 9, 90, 67, 86, 26, 34, 16, 10, 22, 78, 93, 86, 30, 1, 94, 54, 10, 73, 71, 74, 65, 37, 18, 73, 21, 68, 93, 13, 60, 68, 82, 9, 16, 80, 49, 16, 94, 59, 88, 47, 48, 51, 65, 5, 82, 71, 21, 56, 26, 11, 77, 90, 60, 52, 26, 78, 75, 63, 84, 96, 45, 72, 41, 69, 54, 45, 17, 47, 27, 59, 61, 74, 22, 16, 9, 16, 12, 36, 24, 27, 49, 96, 75, 97, 80, 91, 67, 3, 69, 16, 68, 11, 3, 43, 46, 13, 59, 84, 63]
[89, 88, 53, 97, 63, 77, 67, 18, 93, 74, 76, 71, 97, 75, 77, 60, 35, 5, 67, 13, 56, 11, 74, 64, 25, 88, 68, 30, 33, 85, 43, 20, 56, 84, 3, 21, 35, 98, 15, 96, 92, 65, 12, 68, 54, 28, 8, 69, 44, 42, 42, 58, 12, 37, 37, 94, 25, 62, 39, 89, 78, 15, 47, 1, 10, 27, 53, 27, 96, 94, 83, 98, 65, 48, 66, 83, 58, 25, 17, 47, 58, 36, 71, 68, 50, 32, 65, 9, 30, 8, 52, 22, 80, 63, 80, 96, 83, 10, 33, 95, 79, 79, 88, 69, 23, 57, 76, 96, 60, 8, 5, 21, 67, 28, 64, 76, 54, 44, 75, 33, 35, 92, 100, 23, 6, 41, 58, 21, 86, 17, 39, 80, 25, 3, 92, 80, 17, 12, 82, 15, 35, 88, 62, 89, 86, 16, 63, 18, 26, 42]
[84, 75, 38, 71, 83, 4, 26, 89, 36, 100, 83, 6, 50, 12, 84, 40, 25, 95, 55, 44, 96, 66, 70, 34, 65, 92, 7, 11, 56, 26, 6, 91, 21, 57, 98, 5, 1, 6, 2, 40, 38, 32, 99, 79, 73, 70, 69, 2, 87, 29, 50, 71, 85, 60, 52, 57, 96, 73, 48, 96, 20, 54, 32, 47, 81, 82, 31, 6, 63, 47, 100, 53, 40, 57, 47, 28, 5, 54, 50, 98, 64, 94, 5, 12, 22, 77, 44, 22, 55, 29, 92, 92, 85, 48, 99, 89, 87, 83, 99, 7, 55, 60, 11, 55, 61, 9, 1, 83, 14, 46, 29, 57, 38, 13, 98, 73, 72, 2, 83, 77, 46, 71, 13, 75, 27, 15, 76, 72, 24, 54, 85, 25, 96, 46, 84, 70, 83, 26, 94, 92, 96, 86, 91, 6, 50, 37, 12, 28, 79, 26]
[77, 9, 30, 23, 26, 65, 25, 89, 9, 32, 61, 51, 26, 29, 84, 12, 6, 34, 61, 5, 82, 40, 17, 97, 11, 36, 93, 38, 37, 25, 59, 85, 95, 85, 15, 21, 3, 28, 78, 46, 100, 55, 27, 27, 89, 22, 55, 98, 30, 40, 37, 79, 54, 58, 72, 17, 99, 88, 30, 99, 49, 51, 1, 1, 53, 67, 61, 82, 100, 53, 71, 1, 37, 66, 22, 42, 85, 76, 74, 86, 67, 91, 36, 89, 35, 15, 68, 32, 47, 44, 6, 39, 97, 50, 47, 80, 95, 76, 63, 37, 86, 70, 30, 89, 24, 52, 47, 96, 86, 93, 31, 99, 62, 34, 17, 37, 37, 85, 11, 10, 90, 60, 96, 88, 30, 19, 17, 41, 55, 82, 15, 69, 69, 41, 95, 36, 39, 54, 10, 74, 100, 4, 28, 43, 59, 29, 81, 70, 56, 13]
[69, 31, 63, 50, 34, 91, 95, 50, 78, 97, 27, 5, 14, 43, 1, 84, 72, 14, 33, 58, 42, 8, 50, 18, 15, 89, 53, 52, 90, 24, 95, 44, 18, 16, 42, 72, 36, 69, 18, 61, 45, 22, 45, 79, 73, 40, 76, 88, 25, 42, 6, 47, 50, 99, 18, 43, 17, 74, 60, 92, 3, 45, 56, 93, 80, 27, 20, 70, 92, 8, 85, 36, 81, 25, 36, 27, 7, 82, 88, 4, 37, 99, 27, 45, 64, 61, 52, 14, 86, 14, 13, 38, 83, 22, 85, 15, 72, 79, 22, 29, 7, 89, 43, 85, 85, 92, 31, 11, 61, 72, 94, 6, 51, 82, 4, 3, 42, 9, 13, 32, 86, 42, 6, 90, 32, 10, 75, 76, 36, 56, 19, 39, 37, 17, 18, 6, 75, 99, 52, 16, 75, 56, 93, 63, 79, 84, 20, 10, 55, 17]
[73, 48, 58, 48, 62, 34, 15, 43, 85, 92, 59, 11, 8, 98, 77, 11, 15, 45, 27, 56, 5, 65, 14, 90, 72, 95, 24, 99, 98, 38, 91, 23, 60, 98, 21, 63, 77, 92, 85, 32, 65, 85, 76, 13, 16, 44, 51, 98, 75, 34, 17, 20, 47, 45, 74, 31, 64, 43, 86, 33, 75, 17, 68, 36, 33, 62, 20, 14, 37, 100, 80, 1, 36, 68, 1, 62, 98, 57, 98, 83, 36, 97, 14, 11, 23, 23, 92, 9, 98, 14, 37, 21, 64, 38, 94, 7, 89, 1, 87, 78, 15, 29, 58, 57, 75, 88, 74, 7, 61, 76, 10, 82, 56, 80, 30, 45, 86, 22, 52, 74, 47, 77, 13, 1, 70, 29, 8, 25, 75, 14, 15, 87, 57, 43, 21, 28, 67, 14, 6, 40, 41, 76, 21, 36, 41, 94, 60, 26, 18, 38]
[61, 31, 89, 31, 74, 95, 91, 86, 59, 17, 87, 36, 15, 82, 14, 35, 42, 43, 91, 45, 5, 44, 55, 78, 48, 32, 93, 5, 81, 74, 49, 64, 69, 12, 1, 49, 60, 62, 76, 61, 100, 44, 1, 53, 88, 57, 96, 18, 60, 6, 1, 45, 51, 38, 57, 8, 88, 8, 45, 75, 54, 82, 30, 18, 26, 51, 47, 92, 54, 90, 80, 34, 63, 98, 58, 21, 31, 80, 49, 10, 22, 75, 97, 34, 67, 51, 62, 91, 2, 71, 10, 28, 71, 93, 53, 100, 68, 42, 58, 15, 22, 29, 19, 29, 7, 86, 62, 1, 55, 70, 72, 79, 14, 48, 16, 46, 6, 88, 88, 47, 88, 29, 51, 2, 3, 39, 33, 88, 78, 43, 2, 53, 97, 95, 83, 83, 6, 7, 22, 8, 3, 78, 75, 49, 76, 36, 23, 76, 73, 64]
[2, 20, 48, 97, 100, 83, 51, 21, 55, 75, 74, 46, 91, 56, 94, 49, 87, 10, 33, 8, 52, 59, 29, 65, 67, 68, 2, 44, 86, 23, 95, 64, 21, 2, 75, 14, 93, 58, 100, 60, 44, 41, 63, 83, 94, 78, 41, 94, 72, 49, 61, 82, 18, 93, 26, 82, 72, 13, 62, 20, 48, 28, 26, 23, 89, 58, 38, 67, 91, 36, 15, 97, 15, 92, 69, 19, 18, 50, 44, 5, 32, 41, 49, 28, 54, 83, 70, 74, 30, 29, 38, 48, 81, 1, 84, 15, 36, 36, 30, 90, 99, 72, 64, 99, 64, 77, 60, 25, 42, 81, 55, 77, 30, 86, 16, 69, 6, 97, 90, 33, 75, 1, 1, 70, 63, 27, 47, 48, 9, 3, 35, 72, 36, 13, 62, 41, 25, 13, 95, 53, 7, 63, 13, 20, 57, 62, 95, 84, 42, 14]
[69, 80, 42, 76, 43, 53, 76, 7, 57, 92, 40, 34, 88, 17, 49, 45, 88, 72, 41, 20, 41, 38, 50, 14, 55, 32, 70, 28, 48, 39, 79, 56, 7, 86, 1, 53, 84, 59, 82, 96, 21, 4, 87, 98, 76, 39, 53, 61, 74, 5, 39, 45, 4, 68, 12, 47, 84, 22, 1, 49, 63, 61, 59, 49, 27, 31, 74, 14, 39, 35, 74, 83, 99, 31, 52, 70, 29, 47, 71, 14, 89, 21, 25, 37, 87, 30, 82, 59, 12, 43, 33, 26, 20, 54, 47, 26, 1, 13, 34, 91, 99, 18, 28, 33, 47, 11, 6, 57, 3, 94, 24, 89, 99, 49, 27, 43, 7, 45, 44, 41, 28, 24, 20, 44, 26, 44, 47, 71, 80, 17, 5, 37, 65, 79, 1, 36, 85, 3, 86, 15, 81, 98, 77, 72, 87, 4, 69, 36, 2, 99]
[50, 42, 30, 36, 96, 41, 44, 12, 71, 59, 64, 58, 83, 89, 10, 28, 86, 66, 76, 44, 47, 11, 31, 49, 21, 35, 75, 78, 29, 84, 3, 73, 9, 79, 64, 21, 87, 13, 38, 5, 1, 85, 58, 51, 36, 19, 31, 41, 80, 36, 99, 63, 21, 62, 51, 62, 8, 76, 39, 91, 47, 67, 82, 36, 3, 60, 59, 42, 84, 40, 65, 83, 54, 20, 13, 19, 71, 36, 11, 50, 38, 60, 70, 100, 76, 16, 11, 31, 99, 42, 96, 82, 56, 15, 91, 94, 48, 75, 21, 45, 96, 8, 94, 96, 36, 97, 95, 61, 23, 95, 76, 9, 66, 9, 53, 61, 21, 70, 95, 15, 34, 79, 51, 69, 35, 99, 93, 95, 31, 63, 63, 94, 68, 16, 8, 99, 31, 97, 91, 13, 97, 58, 72, 2, 66, 55, 77, 11, 99, 43]
[68, 71, 7, 68, 32, 75, 85, 63, 22, 6, 11, 69, 88, 39, 68, 26, 74, 55, 79, 68, 34, 59, 22, 13, 58, 13, 76, 31, 91, 18, 65, 98, 28, 53, 80, 2, 60, 46, 81, 10, 72, 26, 37, 15, 54, 4, 6, 26, 42, 49, 13, 70, 23, 46, 41, 46, 50, 48, 99, 61, 10, 20, 12, 38, 54, 44, 10, 5, 36, 100, 71, 60, 18, 20, 91, 43, 89, 5, 53, 78, 41, 97, 98, 35, 28, 38, 65, 35, 32, 76, 48, 56, 36, 100, 85, 33, 80, 43, 22, 37, 48, 68, 86, 57, 30, 19, 20, 80, 35, 89, 10, 68, 69, 69, 100, 85, 12, 65, 62, 77, 12, 12, 39, 26, 6, 85, 73, 76, 67, 5, 4, 74, 53, 20, 94, 31, 21, 33, 89, 17, 69, 32, 46, 5, 9, 46, 64, 10, 39, 80]
[89, 3, 20, 65, 66, 78, 70, 87, 67, 4, 75, 71, 61, 63, 77, 31, 47, 39, 66, 29, 52, 60, 66, 26, 82, 43, 36, 32, 49, 27, 99, 25, 8, 42, 18, 37, 76, 63, 79, 80, 41, 4, 60, 56, 14, 3, 53, 74, 16, 52, 91, 83, 50, 52, 31, 80, 26, 52, 62, 100, 23, 59, 16, 97, 88, 74, 23, 38, 96, 65, 84, 48, 60, 28, 4, 89, 51, 16, 47, 17, 82, 36, 64, 69, 40, 47, 34, 54, 88, 24, 44, 5, 95, 33, 28, 16, 63, 4, 96, 17, 8, 35, 38, 7, 17, 32, 73, 14, 51, 91, 54, 62, 4, 13, 5, 55, 76, 79, 6, 19, 100, 16, 29, 98, 2, 59, 5, 12, 13, 68, 7, 62, 100, 15, 34, 86, 16, 39, 55, 64, 7, 55, 84, 25, 61, 42, 29, 28, 51, 73]
[79, 70, 87, 59, 51, 81, 57, 52, 41, 80, 67, 88, 53, 70, 6, 54, 70, 34, 13, 40, 26, 99, 70, 39, 61, 83, 33, 37, 20, 7, 97, 8, 13, 8, 36, 48, 55, 53, 43, 19, 3, 67, 82, 64, 95, 77, 97, 26, 43, 32, 42, 88, 97, 97, 17, 19, 64, 40, 68, 65, 9, 72, 48, 24, 30, 38, 3, 36, 86, 2, 72, 12, 66, 81, 33, 4, 35, 66, 40, 62, 12, 94, 18, 1, 66, 86, 78, 37, 4, 34, 49, 78, 4, 79, 35, 35, 39, 96, 16, 56, 76, 95, 46, 32, 14, 14, 72, 44, 56, 40, 11, 41, 60, 35, 24, 74, 16, 5, 51, 7, 37, 54, 25, 75, 22, 28, 14, 39, 25, 99, 85, 80, 99, 32, 26, 99, 89, 99, 94, 32, 59, 98, 49, 81, 40, 8, 77, 95, 34, 94]
[100, 97, 21, 20, 65, 50, 65, 87, 56, 18, 11, 83, 89, 51, 43, 38, 83, 25, 32, 45, 82, 7, 22, 39, 60, 87, 34, 25, 76, 33, 40, 65, 11, 58, 9, 36, 89, 16, 37, 80, 64, 84, 73, 51, 92, 30, 83, 40, 9, 28, 38, 22, 51, 43, 83, 58, 98, 62, 63, 62, 54, 58, 6, 64, 57, 46, 18, 77, 35, 33, 24, 81, 70, 48, 16, 98, 9, 16, 4, 71, 94, 66, 40, 6, 14, 81, 2, 11, 88, 40, 24, 23, 78, 15, 55, 85, 72, 44, 75, 72, 73, 24, 95, 12, 38, 100, 81, 2, 23, 74, 52, 93, 98, 55, 78, 66, 82, 31, 85, 22, 67, 93, 31, 98, 3, 71, 12, 81, 73, 23, 70, 76, 81, 98, 49, 71, 68, 89, 15, 87, 15, 78, 94, 100, 51, 51, 96, 75, 73, 79]
[27, 14, 1, 16, 72, 56, 32, 20, 92, 49, 36, 11, 91, 6, 54, 8, 12, 92, 50, 83, 31, 98, 98, 99, 36, 1, 34, 39, 65, 77, 47, 95, 39, 54, 11, 74, 84, 81, 78, 12, 30, 59, 47, 18, 27, 66, 16, 53, 24, 1, 47, 33, 94, 5, 12, 45, 99, 71, 46, 92, 7, 78, 11, 49, 37, 12, 49, 79, 66, 61, 35, 76, 91, 13, 74, 90, 67, 66, 6, 62, 31, 66, 9, 68, 97, 75, 92, 64, 53, 55, 24, 50, 6, 5, 96, 44, 32, 91, 35, 96, 82, 3, 82, 50, 69, 33, 79, 61, 40, 40, 82, 19, 92, 19, 15, 54, 50, 36, 87, 73, 45, 17, 76, 93, 21, 93, 19, 37, 84, 93, 72, 38, 24, 87, 13, 29, 9, 59, 61, 96, 4, 96, 58, 85, 71, 47, 42, 19, 31, 10]
[62, 53, 69, 11, 96, 9, 5, 88, 71, 69, 17, 62, 93, 86, 21, 16, 83, 9, 28, 76, 60, 67, 70, 35, 20, 49, 97, 31, 15, 16, 89, 85, 75, 87, 34, 31, 44, 74, 60, 14, 69, 48, 13, 43, 14, 2, 76, 16, 90, 83, 50, 32, 54, 79, 38, 73, 34, 31, 19, 98, 26, 100, 14, 82, 86, 26, 65, 79, 99, 7, 58, 33, 64, 94, 71, 66, 23, 38, 13, 89, 41, 33, 7, 34, 45, 45, 6, 2, 23, 69, 96, 34, 65, 22, 20, 57, 40, 8, 90, 99, 84, 72, 61, 10, 28, 9, 25, 88, 69, 87, 3, 88, 48, 17, 37, 28, 57, 58, 63, 96, 87, 39, 41, 89, 71, 17, 43, 88, 100, 80, 88, 38, 35, 67, 17, 89, 5, 46, 8, 98, 49, 7, 49, 36, 99, 74, 73, 75, 23, 18]
[3, 41, 77, 37, 42, 83, 97, 76, 13, 24, 89, 95, 73, 1, 65, 85, 40, 47, 15, 18, 56, 10, 85, 55, 40, 30, 7, 4, 77, 36, 12, 18, 72, 55, 65, 97, 64, 73, 52, 39, 22, 83, 23, 76, 24, 90, 70, 89, 7, 9, 94, 96, 81, 57, 42, 26, 4, 77, 7, 43, 68, 29, 11, 42, 94, 45, 22, 98, 48, 30, 99, 49, 5, 44, 43, 14, 3, 74, 19, 68, 29, 66, 49, 52, 6, 73, 87, 35, 80, 56, 78, 58, 43, 19, 34, 45, 97, 95, 88, 8, 58, 18, 56, 65, 56, 76, 100, 23, 30, 80, 35, 43, 39, 81, 72, 16, 22, 40, 96, 39, 99, 49, 45, 14, 65, 31, 17, 19, 28, 34, 80, 61, 65, 44, 91, 4, 67, 50, 46, 22, 62, 97, 15, 7, 16, 54, 44, 56, 68, 67]
[72, 82, 78, 3, 93, 32, 57, 66, 72, 51, 98, 82, 21, 83, 67, 90, 38, 92, 19, 13, 59, 37, 38, 72, 65, 53, 19, 96, 80, 96, 42, 70, 53, 98, 87, 9, 92, 41, 94, 33, 62, 65, 77, 4, 93, 85, 72, 75, 77, 34, 33, 18, 87, 24, 76, 69, 40, 33, 83, 75, 76, 12, 88, 28, 18, 35, 3, 88, 22, 87, 71, 28, 31, 99, 94, 44, 96, 75, 11, 70, 60, 65, 19, 15, 53, 20, 83, 90, 13, 10, 60, 48, 37, 90, 27, 27, 98, 13, 55, 60, 64, 80, 11, 73, 75, 97, 59, 39, 3, 23, 43, 54, 83, 85, 53, 89, 76, 21, 25, 52, 59, 81, 42, 70, 36, 12, 73, 24, 70, 21, 29, 65, 55, 61, 12, 2, 83, 33, 3, 7, 68, 53, 13, 41, 37, 59, 88, 30, 29, 12]
[18, 30, 7, 95, 3, 75, 22, 63, 61, 14, 79, 96, 84, 8, 21, 9, 30, 2, 42, 70, 39, 88, 39, 24, 8, 2, 78, 74, 70, 19, 82, 33, 77, 33, 30, 40, 60, 49, 7, 39, 47, 88, 24, 62, 10, 25, 5, 43, 26, 58, 48, 34, 39, 45, 73, 54, 83, 28, 100, 46, 26, 75, 30, 32, 12, 52, 38, 91, 60, 63, 6, 53, 39, 68, 42, 43, 54, 72, 54, 87, 43, 83, 3, 20, 2, 16, 63, 6, 45, 33, 26, 29, 14, 15, 40, 35, 27, 9, 24, 14, 69, 4, 78, 19, 59, 24, 66, 39, 77, 94, 18, 33, 8, 17, 96, 55, 3, 15, 79, 53, 1, 12, 43, 15, 52, 44, 81, 59, 7, 92, 100, 75, 46, 43, 51, 84, 43, 38, 94, 24, 88, 38, 66, 25, 35, 39, 17, 68, 69, 95]
[35, 92, 20, 57, 44, 53, 22, 57, 39, 23, 93, 13, 43, 50, 67, 79, 90, 95, 40, 100, 6, 86, 27, 92, 40, 79, 9, 37, 85, 21, 91, 15, 48, 59, 38, 51, 44, 8, 55, 76, 37, 43, 63, 18, 19, 50, 56, 34, 33, 53, 97, 97, 65, 78, 94, 50, 46, 70, 2, 56, 80, 57, 1, 41, 44, 84, 50, 57, 91, 25, 88, 78, 46, 14, 56, 51, 23, 47, 84, 3, 75, 3, 81, 22, 78, 80, 34, 50, 10, 20, 30, 5, 12, 25, 31, 34, 89, 2, 11, 5, 70, 46, 74, 76, 25, 29, 54, 56, 8, 93, 64, 46, 38, 78, 68, 72, 72, 64, 89, 54, 60, 19, 92, 71, 42, 58, 4, 95, 8, 57, 21, 55, 70, 6, 42, 93, 66, 33, 95, 13, 21, 4, 5, 68, 53, 28, 10, 14, 68, 46]
[13, 82, 3, 43, 63, 53, 76, 71, 77, 28, 64, 9, 45, 38, 25, 28, 83, 14, 36, 49, 100, 62, 55, 45, 11, 88, 1, 27, 42, 12, 98, 62, 54, 41, 71, 39, 49, 26, 13, 90, 80, 52, 55, 68, 94, 81, 3, 83, 22, 44, 53, 25, 43, 31, 39, 11, 77, 2, 71, 63, 65, 76, 38, 99, 47, 54, 44, 88, 15, 2, 80, 95, 71, 10, 62, 81, 6, 40, 87, 43, 53, 18, 2, 95, 47, 86, 16, 23, 98, 97, 79, 66, 87, 6, 13, 87, 95, 67, 71, 17, 28, 12, 65, 96, 94, 100, 18, 37, 79, 77, 25, 79, 99, 50, 75, 30, 54, 55, 72, 7, 60, 93, 51, 9, 5, 20, 61, 33, 41, 13, 59, 6, 97, 93, 5, 83, 64, 71, 10, 91, 49, 72, 25, 69, 53, 78, 18, 98, 56, 21]
[1, 75, 8, 71, 52, 23, 44, 93, 61, 88, 19, 65, 41, 75, 53, 11, 8, 96, 67, 34, 52, 17, 25, 99, 31, 94, 37, 79, 28, 3, 63, 60, 52, 7, 51, 38, 86, 10, 63, 67, 89, 86, 45, 33, 66, 49, 44, 67, 88, 11, 62, 54, 4, 84, 84, 5, 69, 18, 60, 70, 64, 71, 23, 25, 34, 3, 44, 4, 53, 92, 40, 54, 5, 69, 71, 42, 3, 32, 28, 20, 58, 60, 6, 97, 57, 84, 17, 71, 58, 7, 23, 97, 11, 38, 42, 34, 83, 11, 26, 15, 34, 27, 44, 65, 14, 61, 77, 53, 67, 55, 24, 59, 72, 89, 55, 48, 24, 23, 45, 71, 71, 18, 45, 24, 98, 95, 66, 31, 68, 67, 22, 79, 88, 50, 91, 36, 70, 69, 48, 98, 82, 61, 71, 11, 66, 1, 98, 78, 24, 17]
[98, 79, 95, 83, 97, 77, 42, 59, 7, 62, 69, 96, 25, 95, 99, 60, 28, 49, 62, 27, 93, 32, 69, 30, 53, 65, 34, 58, 69, 88, 66, 22, 31, 43, 18, 23, 49, 58, 87, 95, 6, 60, 66, 11, 86, 57, 6, 42, 84, 47, 38, 86, 49, 24, 73, 51, 19, 83, 27, 91, 47, 46, 74, 48, 84, 25, 45, 60, 47, 38, 80, 97, 98, 36, 93, 85, 83, 64, 37, 14, 21, 1, 6, 45, 70, 96, 26, 100, 39, 10, 4, 68, 15, 8, 7, 97, 26, 77, 60, 71, 60, 21, 69, 6, 44, 41, 77, 72, 82, 71, 52, 9, 2, 35, 29, 80, 45, 75, 56, 60, 39, 30, 26, 43, 87, 53, 78, 30, 31, 64, 43, 65, 59, 30, 91, 79, 86, 56, 83, 37, 48, 14, 4, 20, 21, 94, 93, 26, 54, 86]
[19, 23, 38, 70, 54, 5, 1, 70, 75, 24, 21, 68, 65, 7, 2, 10, 90, 83, 8, 78, 40, 10, 11, 34, 69, 52, 92, 6, 80, 38, 14, 82, 62, 55, 28, 29, 46, 19, 70, 30, 49, 34, 80, 22, 41, 83, 63, 8, 1, 86, 83, 30, 47, 3, 77, 87, 93, 28, 13, 87, 26, 82, 15, 2, 76, 36, 87, 72, 73, 14, 18, 34, 48, 88, 74, 76, 78, 58, 39, 83, 95, 7, 31, 75, 57, 6, 53, 84, 54, 6, 33, 30, 6, 8, 3, 80, 97, 56, 3, 35, 1, 81, 64, 66, 13, 5, 21, 32, 90, 45, 63, 32, 25, 69, 30, 5, 72, 20, 91, 60, 8, 56, 74, 38, 63, 73, 26, 51, 10, 36, 7, 5, 74, 7, 92, 91, 99, 78, 98, 58, 91, 64, 94, 1, 83, 45, 99, 24, 79, 76]
[28, 12, 23, 1, 88, 48, 57, 65, 20, 13, 75, 87, 25, 40, 83, 26, 27, 25, 55, 5, 75, 90, 16, 10, 70, 27, 9, 52, 37, 37, 78, 88, 43, 30, 70, 41, 95, 32, 69, 100, 53, 56, 33, 38, 12, 100, 30, 88, 53, 87, 84, 34, 3, 4, 85, 74, 15, 29, 62, 65, 56, 79, 93, 21, 8, 58, 71, 2, 94, 60, 98, 35, 70, 20, 50, 47, 30, 100, 62, 58, 37, 8, 92, 98, 37, 99, 85, 55, 9, 66, 40, 59, 55, 44, 37, 63, 61, 39, 24, 21, 53, 45, 72, 35, 95, 31, 16, 32, 73, 77, 82, 24, 41, 26, 39, 25, 77, 82, 24, 3, 65, 18, 88, 48, 57, 46, 89, 23, 71, 98, 83, 37, 51, 73, 47, 26, 54, 47, 31, 65, 2, 20, 82, 31, 54, 20, 73, 64, 88, 59]
[12, 13, 35, 46, 28, 63, 97, 33, 39, 85, 1, 94, 74, 73, 82, 30, 13, 95, 89, 78, 72, 27, 25, 38, 67, 57, 77, 82, 88, 97, 98, 43, 41, 5, 35, 32, 21, 23, 74, 43, 3, 14, 40, 43, 13, 41, 71, 52, 11, 32, 47, 55, 69, 27, 62, 45, 40, 41, 96, 7, 61, 86, 77, 96, 62, 18, 74, 48, 38, 100, 54, 11, 28, 61, 91, 37, 100, 15, 80, 52, 81, 6, 87, 36, 72, 76, 8, 84, 31, 72, 9, 1, 27, 44, 19, 97, 73, 79, 28, 45, 68, 53, 96, 33, 90, 39, 16, 22, 1, 7, 80, 8, 8, 17, 48, 37, 31, 79, 21, 23, 62, 85, 72, 56, 55, 40, 4, 3, 98, 37, 92, 39, 26, 6, 73, 98, 54, 12, 8, 74, 33, 66, 38, 40, 84, 7, 40, 8, 26, 36]
[9, 16, 29, 65, 62, 9, 73, 14, 73, 10, 78, 21, 10, 78, 53, 92, 24, 80, 6, 96, 76, 70, 13, 1, 36, 72, 56, 89, 2, 60, 53, 64, 63, 2, 63, 90, 11, 68, 46, 91, 92, 23, 9, 67, 82, 50, 31, 67, 92, 42, 17, 37, 64, 23, 3, 20, 92, 67, 83, 40, 11, 17, 39, 84, 59, 26, 34, 32, 49, 45, 3, 40, 3, 67, 40, 3, 74, 62, 90, 77, 96, 5, 79, 73, 32, 54, 33, 65, 8, 86, 98, 63, 4, 20, 50, 32, 30, 99, 87, 59, 86, 38, 97, 96, 42, 26, 4, 45, 83, 39, 23, 72, 88, 25, 7, 4, 44, 57, 82, 15, 47, 5, 36, 42, 65, 9, 100, 32, 51, 30, 50, 71, 38, 37, 33, 42, 12, 63, 53, 64, 16, 87, 51, 45, 88, 84, 83, 88, 43, 21]
[76, 56, 47, 14, 12, 59, 86, 69, 12, 31, 100, 23, 14, 48, 50, 89, 10, 71, 88, 52, 5, 22, 61, 56, 65, 49, 63, 61, 81, 56, 81, 74, 15, 80, 44, 79, 61, 16, 71, 2, 76, 89, 71, 30, 52, 40, 28, 31, 54, 86, 47, 32, 75, 62, 47, 40, 12, 54, 49, 44, 79, 55, 5, 65, 39, 11, 99, 90, 52, 77, 34, 85, 27, 3, 99, 52, 6, 78, 21, 12, 89, 61, 52, 89, 1, 29, 90, 96, 59, 98, 52, 83, 67, 65, 89, 81, 32, 44, 90, 28, 68, 35, 23, 24, 68, 26, 14, 68, 2, 92, 28, 86, 90, 28, 64, 73, 70, 60, 27, 3, 93, 69, 69, 53, 5, 94, 19, 12, 91, 63, 43, 15, 5, 75, 80, 46, 20, 71, 79, 3, 4, 4, 95, 17, 87, 24, 6, 82, 40, 3]
[63, 45, 15, 74, 93, 74, 55, 86, 38, 38, 5, 23, 69, 93, 91, 24, 64, 95, 9, 51, 86, 42, 40, 2, 1, 31, 48, 77, 22, 32, 1, 98, 85, 99, 54, 54, 78, 81, 56, 35, 37, 79, 25, 43, 13, 18, 98, 27, 27, 24, 51, 49, 10, 50, 15, 14, 56, 82, 96, 94, 86, 70, 34, 29, 60, 52, 70, 31, 26, 9, 56, 86, 47, 65, 64, 9, 20, 58, 64, 49, 73, 10, 96, 57, 47, 65, 25, 73, 57, 86, 2, 4, 78, 39, 57, 100, 59, 71, 75, 57, 35, 10, 14, 36, 94, 99, 45, 78, 79, 100, 3, 21, 85, 77, 18, 99, 64, 91, 64, 91, 90, 54, 69, 20, 91, 7, 89, 76, 81, 88, 5, 9, 33, 77, 58, 96, 8, 3, 95, 75, 27, 33, 78, 47, 9, 50, 91, 51, 11, 52]
[1, 80, 36, 26, 40, 80, 47, 60, 55, 87, 12, 68, 50, 7, 19, 11, 11, 40, 87, 41, 29, 58, 92, 97, 27, 36, 11, 48, 81, 79, 20, 39, 65, 84, 9, 13, 38, 69, 93, 46, 13, 90, 85, 36, 90, 49, 58, 50, 20, 23, 22, 45, 98, 60, 34, 83, 16, 38, 31, 61, 80, 29, 88, 77, 95, 50, 28, 79, 92, 80, 1, 94, 5, 51, 43, 46, 94, 64, 47, 54, 81, 17, 70, 92, 5, 59, 2, 15, 28, 18, 22, 89, 4, 50, 25, 61, 73, 91, 26, 74, 87, 84, 88, 86, 57, 57, 52, 85, 68, 24, 26, 66, 75, 44, 32, 72, 2, 87, 44, 81, 70, 23, 69, 42, 19, 64, 65, 73, 37, 25, 95, 87, 56, 72, 72, 67, 71, 72, 66, 12, 100, 46, 88, 48, 35, 17, 83, 86, 45, 61]
[25, 97, 11, 25, 54, 32, 60, 28, 97, 3, 18, 100, 48, 98, 84, 63, 90, 56, 82, 7, 16, 99, 28, 74, 32, 15, 77, 48, 76, 24, 42, 61, 86, 31, 56, 6, 26, 34, 56, 19, 77, 58, 46, 79, 26, 18, 38, 59, 12, 31, 9, 62, 29, 61, 66, 3, 27, 42, 32, 43, 69, 91, 33, 7, 57, 92, 21, 68, 62, 100, 59, 78, 32, 60, 86, 20, 69, 68, 28, 98, 96, 56, 82, 11, 64, 35, 84, 28, 85, 3, 76, 62, 75, 68, 29, 13, 77, 60, 30, 11, 88, 40, 73, 21, 49, 59, 65, 44, 82, 68, 36, 58, 68, 95, 24, 4, 84, 43, 45, 57, 33, 86, 34, 76, 43, 87, 61, 65, 70, 57, 79, 78, 56, 85, 4, 85, 23, 31, 44, 54, 45, 11, 87, 10, 89, 36, 92, 40, 2, 54]
[34, 91, 77, 12, 24, 42, 14, 16, 48, 34, 76, 88, 38, 14, 40, 11, 14, 78, 30, 1, 34, 87, 70, 16, 68, 92, 89, 80, 64, 74, 42, 35, 76, 36, 9, 79, 66, 100, 85, 2, 11, 40, 13, 18, 94, 29, 86, 8, 57, 60, 41, 34, 73, 74, 61, 16, 18, 81, 55, 3, 58, 14, 62, 19, 85, 47, 69, 20, 67, 84, 14, 7, 35, 80, 71, 60, 26, 75, 48, 44, 82, 58, 7, 34, 66, 2, 73, 87, 30, 4, 5, 77, 96, 92, 97, 76, 62, 97, 11, 50, 60, 19, 43, 88, 2, 11, 51, 80, 71, 6, 7, 31, 12, 100, 68, 66, 3, 55, 98, 30, 14, 79, 49, 67, 75, 34, 43, 86, 61, 93, 38, 21, 3, 12, 26, 59, 67, 84, 96, 53, 17, 84, 82, 1, 6, 22, 33, 12, 14, 83]
[97, 61, 55, 9, 66, 44, 48, 76, 81, 56, 39, 89, 24, 3, 73, 86, 55, 15, 58, 45, 64, 18, 35, 48, 60, 58, 19, 19, 66, 40, 94, 65, 77, 38, 39, 42, 23, 58, 68, 78, 6, 21, 19, 4, 97, 46, 93, 98, 32, 7, 46, 88, 3, 55, 48, 43, 54, 47, 3, 4, 21, 6, 22, 97, 12, 56, 8, 15, 32, 40, 10, 53, 9, 90, 50, 85, 64, 15, 87, 73, 14, 3, 63, 92, 30, 46, 17, 71, 47, 62, 38, 67, 91, 69, 15, 29, 73, 81, 60, 95, 85, 37, 28, 15, 22, 69, 43, 29, 48, 2, 24, 83, 100, 22, 62, 78, 6, 6, 56, 81, 59, 24, 85, 72, 15, 11, 44, 20, 77, 79, 36, 95, 39, 28, 43, 10, 11, 58, 70, 8, 7, 70, 90, 23, 46, 22, 10, 75, 60, 76]
[36, 7, 33, 10, 66, 39, 36, 77, 41, 4, 75, 80, 22, 33, 92, 1, 14, 61, 95, 29, 92, 18, 86, 80, 12, 61, 75, 64, 14, 54, 90, 13, 7, 27, 74, 42, 70, 70, 85, 43, 57, 70, 12, 32, 89, 74, 43, 5, 29, 38, 69, 60, 21, 18, 87, 60, 74, 81, 34, 65, 67, 61, 76, 31, 30, 61, 91, 1, 76, 17, 8, 29, 29, 5, 91, 28, 45, 11, 1, 67, 90, 4, 81, 57, 24, 50, 67, 59, 29, 35, 84, 9, 29, 12, 63, 57, 17, 7, 33, 30, 28, 21, 84, 26, 42, 90, 54, 91, 37, 66, 36, 99, 27, 12, 44, 22, 99, 69, 73, 41, 95, 40, 49, 13, 76, 88, 93, 13, 62, 63, 97, 47, 47, 81, 36, 48, 95, 2, 68, 93, 19, 33, 61, 9, 69, 48, 45, 33, 32, 75]
[39, 63, 92, 1, 84, 29, 17, 35, 16, 37, 26, 86, 86, 68, 23, 82, 78, 36, 14, 44, 46, 18, 6, 9, 35, 75, 30, 73, 66, 43, 33, 12, 21, 94, 96, 43, 19, 87, 68, 18, 47, 49, 15, 91, 80, 48, 32, 2, 79, 67, 36, 34, 100, 30, 85, 88, 56, 96, 49, 48, 22, 13, 51, 42, 91, 59, 12, 34, 27, 77, 25, 69, 22, 87, 38, 7, 72, 43, 35, 4, 9, 86, 60, 97, 41, 38, 5, 38, 89, 39, 5, 25, 73, 29, 78, 74, 73, 64, 57, 6, 34, 100, 46, 12, 17, 19, 92, 52, 72, 87, 26, 81, 2, 71, 64, 21, 16, 65, 5, 92, 90, 5, 68, 23, 63, 39, 79, 11, 72, 90, 42, 62, 28, 1, 39, 66, 78, 23, 23, 40, 20, 34, 77, 27, 86, 30, 14, 25, 88, 13]
[97, 38, 35, 23, 44, 94, 20, 51, 57, 82, 13, 55, 84, 87, 74, 91, 18, 21, 1, 10, 58, 6, 45, 89, 3, 10, 66, 93, 100, 55, 51, 43, 32, 61, 47, 31, 48, 53, 27, 21, 36, 98, 2, 49, 10, 24, 43, 88, 94, 46, 50, 93, 93, 24, 17, 25, 55, 45, 88, 42, 98, 32, 23, 93, 50, 90, 10, 74, 26, 39, 36, 37, 11, 29, 51, 85, 36, 56, 21, 88, 2, 8, 47, 27, 28, 10, 26, 59, 4, 89, 6, 76, 50, 20, 85, 67, 92, 29, 15, 13, 60, 90, 54, 39, 3, 90, 75, 68, 87, 73, 90, 21, 99, 49, 77, 53, 51, 80, 57, 43, 28, 95, 55, 67, 70, 7, 38, 21, 24, 99, 86, 61, 41, 14, 92, 95, 95, 31, 49, 20, 11, 91, 75, 80, 24, 93, 3, 69, 85, 20]
[6, 49, 93, 31, 82, 14, 44, 44, 67, 3, 19, 67, 39, 99, 20, 48, 75, 36, 83, 89, 18, 42, 5, 91, 8, 6, 19, 58, 90, 68, 89, 90, 81, 76, 70, 76, 70, 33, 52, 80, 1, 45, 37, 87, 67, 38, 51, 60, 96, 74, 21, 99, 42, 27, 40, 6, 97, 8, 2, 93, 52, 47, 30, 61, 16, 43, 91, 18, 23, 43, 93, 15, 7, 69, 10, 7, 66, 79, 12, 93, 72, 14, 28, 82, 8, 62, 15, 18, 5, 79, 60, 98, 21, 58, 59, 94, 17, 9, 81, 63, 41, 31, 27, 46, 82, 31, 24, 11, 96, 2, 98, 99, 80, 75, 35, 59, 16, 64, 8, 2, 5, 85, 10, 60, 5, 82, 8, 52, 33, 76, 68, 80, 44, 57, 25, 2, 3, 56, 44, 73, 57, 58, 56, 81, 21, 8, 53, 13, 61, 91]
[66, 87, 26, 30, 2, 52, 76, 45, 85, 35, 79, 33, 34, 34, 65, 28, 5, 44, 87, 13, 99, 13, 34, 45, 52, 92, 28, 6, 19, 16, 36, 89, 49, 72, 58, 83, 58, 21, 32, 83, 75, 98, 65, 49, 31, 74, 70, 36, 95, 74, 73, 33, 96, 82, 5, 5, 16, 54, 87, 21, 35, 98, 88, 51, 40, 8, 63, 95, 82, 94, 44, 45, 15, 10, 96, 87, 78, 94, 48, 23, 45, 79, 27, 62, 25, 54, 65, 21, 25, 7, 60, 99, 19, 18, 48, 57, 99, 41, 37, 5, 76, 98, 75, 23, 59, 23, 65, 88, 47, 13, 68, 15, 28, 8, 31, 36, 79, 65, 73, 99, 30, 3, 92, 55, 72, 63, 63, 36, 51, 26, 40, 73, 88, 31, 97, 16, 57, 46, 91, 13, 35, 17, 35, 67, 79, 28, 80, 96, 89, 48]
[41, 21, 43, 3, 72, 71, 85, 53, 64, 42, 89, 47, 89, 10, 58, 80, 95, 45, 76, 82, 74, 97, 49, 26, 55, 80, 34, 48, 16, 96, 33, 54, 10, 1, 13, 59, 50, 78, 18, 33, 98, 26, 44, 93, 12, 18, 2, 37, 4, 14, 70, 94, 36, 21, 68, 13, 97, 70, 93, 44, 15, 68, 68, 61, 5, 54, 45, 27, 96, 44, 12, 93, 17, 99, 16, 25, 40, 37, 98, 30, 96, 43, 43, 82, 22, 66, 72, 46, 58, 33, 97, 27, 100, 66, 60, 83, 72, 100, 73, 73, 1, 19, 11, 39, 97, 71, 34, 63, 80, 21, 12, 90, 68, 85, 77, 75, 36, 59, 36, 12, 33, 67, 93, 19, 68, 82, 87, 32, 41, 2, 63, 89, 97, 73, 54, 43, 89, 82, 29, 9, 81, 60, 15, 68, 35, 23, 4, 4, 34, 55]
[89, 22, 61, 100, 89, 35, 82, 100, 62, 29, 63, 25, 36, 49, 49, 25, 70, 25, 86, 56, 27, 27, 76, 25, 44, 25, 87, 28, 9, 5, 64, 49, 70, 33, 54, 28, 32, 36, 40, 2, 28, 99, 91, 73, 57, 33, 100, 11, 12, 43, 58, 53, 58, 93, 37, 40, 98, 17, 61, 99, 20, 85, 27, 72, 89, 37, 16, 24, 26, 81, 46, 10, 72, 34, 82, 95, 37, 100, 24, 83, 29, 88, 66, 73, 42, 21, 56, 51, 69, 84, 42, 34, 47, 59, 83, 24, 65, 92, 84, 41, 18, 15, 67, 65, 52, 32, 83, 62, 53, 8, 38, 56, 75, 46, 73, 65, 88, 10, 23, 73, 85, 93, 84, 69, 42, 100, 51, 29, 62, 64, 29, 53, 59, 26, 12, 34, 93, 100, 36, 65, 77, 2, 65, 95, 37, 28, 36, 19, 94, 90]
[4, 60, 23, 84, 78, 78, 3, 98, 41, 17, 12, 55, 86, 71, 2, 41, 6, 95, 88, 36, 63, 37, 13, 2, 15, 2, 76, 51, 20, 76, 55, 67, 71, 17, 55, 95, 71, 59, 18, 18, 43, 24, 80, 11, 1, 84, 25, 77, 40, 26, 58, 6, 26, 42, 48, 28, 56, 26, 84, 7, 18, 43, 77, 28, 83, 69, 7, 87, 42, 17, 23, 77, 26, 59, 11, 82, 80, 28, 57, 81, 36, 5, 85, 58, 64, 46, 32, 5, 13, 97, 23, 66, 79, 96, 77, 40, 20, 4, 92, 29, 48, 87, 31, 10, 14, 86, 21, 52, 73, 61, 91, 44, 70, 16, 35, 32, 94, 58, 96, 43, 38, 85, 12, 83, 60, 26, 82, 66, 7, 3, 10, 70, 15, 16, 30, 7, 69, 33, 71, 73, 82, 60, 63, 50, 17, 50, 60, 79, 67, 43]
[89, 19, 79, 3, 83, 20, 63, 52, 70, 55, 28, 43, 81, 68, 57, 16, 11, 31, 38, 87, 76, 39, 90, 78, 92, 69, 56, 64, 50, 47, 72, 20, 88, 4, 85, 94, 10, 98, 66, 32, 60, 29, 53, 33, 16, 68, 21, 95, 15, 82, 68, 34, 74, 41, 26, 80, 43, 72, 83, 9, 94, 73, 89, 47, 46, 53, 79, 26, 54, 84, 79, 36, 53, 73, 46, 52, 65, 8, 35, 95, 62, 23, 17, 32, 21, 7, 92, 77, 72, 50, 18, 2, 48, 100, 14, 62, 28, 100, 11, 51, 64, 77, 34, 4, 4, 48, 98, 11, 55, 7, 82, 13, 10, 86, 84, 86, 92, 27, 7, 12, 45, 53, 41, 64, 100, 15, 72, 5, 55, 18, 27, 68, 76, 77, 82, 50, 25, 93, 37, 7, 25, 63, 39, 61, 28, 72, 90, 25, 80, 18]
[34, 56, 22, 76, 31, 30, 53, 75, 65, 31, 97, 49, 74, 40, 69, 75, 73, 34, 90, 63, 39, 32, 86, 5, 95, 37, 38, 69, 38, 48, 45, 17, 38, 91, 51, 23, 78, 32, 97, 10, 97, 61, 24, 20, 78, 24, 2, 55, 74, 83, 67, 44, 28, 30, 89, 18, 87, 40, 48, 26, 76, 18, 26, 88, 77, 50, 49, 36, 37, 24, 26, 39, 18, 8, 22, 77, 56, 42, 94, 90, 70, 46, 44, 53, 29, 64, 52, 92, 76, 79, 3, 73, 30, 11, 36, 9, 22, 82, 74, 86, 95, 11, 65, 71, 64, 55, 75, 74, 74, 85, 79, 36, 8, 88, 80, 48, 68, 31, 93, 20, 86, 68, 65, 35, 95, 44, 95, 20, 72, 49, 19, 6, 32, 77, 14, 43, 11, 87, 42, 27, 99, 11, 38, 78, 16, 44, 26, 3, 77, 86]
[78, 41, 52, 9, 31, 17, 79, 50, 84, 9, 16, 86, 34, 9, 35, 33, 96, 93, 90, 88, 95, 98, 98, 5, 16, 51, 100, 42, 92, 69, 38, 85, 39, 33, 10, 60, 35, 15, 37, 57, 9, 31, 28, 58, 40, 41, 3, 89, 60, 76, 50, 96, 89, 8, 36, 87, 15, 7, 75, 39, 69, 13, 53, 15, 1, 80, 42, 12, 64, 71, 6, 40, 95, 71, 52, 6, 33, 70, 54, 57, 3, 15, 66, 1, 92, 11, 80, 45, 54, 43, 37, 47, 54, 66, 3, 32, 56, 14, 38, 54, 73, 12, 6, 46, 33, 27, 22, 71, 21, 36, 19, 62, 98, 21, 89, 25, 98, 16, 73, 99, 57, 57, 23, 89, 59, 59, 41, 61, 59, 85, 1, 45, 27, 9, 7, 99, 42, 55, 53, 31, 46, 48, 27, 24, 43, 12, 45, 18, 96, 7]
[66, 22, 38, 66, 19, 76, 24, 53, 91, 25, 93, 91, 76, 61, 20, 76, 78, 86, 6, 27, 10, 82, 7, 81, 57, 43, 95, 40, 37, 98, 88, 61, 83, 75, 34, 51, 91, 100, 24, 22, 93, 80, 42, 19, 33, 43, 55, 90, 74, 19, 71, 52, 100, 58, 16, 32, 84, 12, 17, 7, 64, 15, 94, 88, 20, 83, 83, 29, 20, 85, 76, 31, 73, 98, 34, 95, 25, 34, 8, 29, 79, 39, 68, 82, 54, 85, 2, 5, 1, 7, 34, 7, 99, 20, 44, 53, 10, 40, 9, 57, 21, 49, 78, 12, 74, 20, 69, 83, 90, 33, 65, 86, 42, 29, 59, 5, 26, 15, 11, 66, 78, 63, 9, 64, 1, 73, 82, 63, 13, 19, 38, 45, 89, 56, 11, 42, 4, 4, 98, 87, 30, 45, 8, 94, 83, 12, 87, 7, 12, 13]
[95, 42, 22, 84, 68, 35, 75, 51, 63, 29, 68, 77, 60, 38, 95, 61, 2, 48, 46, 67, 31, 27, 18, 100, 68, 96, 7, 13, 24, 50, 57, 46, 4, 62, 53, 47, 37, 57, 29, 98, 72, 21, 68, 39, 97, 24, 63, 63, 67, 30, 36, 88, 19, 39, 15, 57, 8, 41, 75, 82, 38, 48, 1, 27, 4, 13, 52, 56, 34, 26, 21, 6, 99, 3, 47, 30, 14, 76, 41, 15, 11, 21, 69, 24, 16, 51, 73, 84, 10, 49, 68, 95, 89, 32, 74, 23, 25, 67, 19, 14, 89, 13, 62, 16, 32, 77, 74, 33, 11, 58, 63, 56, 60, 95, 17, 7, 62, 100, 98, 4, 87, 4, 93, 93, 20, 17, 80, 17, 43, 79, 1, 87, 17, 53, 81, 51, 24, 87, 69, 75, 22, 94, 86, 49, 54, 88, 19, 8, 60, 55]
[17, 67, 21, 62, 37, 46, 64, 32, 31, 64, 16, 30, 19, 68, 98, 26, 56, 40, 25, 40, 60, 36, 15, 66, 52, 53, 43, 42, 8, 15, 87, 6, 61, 24, 94, 17, 33, 57, 11, 77, 17, 67, 95, 32, 2, 57, 67, 33, 52, 91, 49, 14, 24, 20, 46, 70, 31, 52, 65, 56, 49, 13, 90, 94, 53, 98, 41, 6, 27, 7, 53, 83, 82, 90, 26, 6, 79, 45, 90, 20, 33, 17, 51, 6, 51, 34, 28, 80, 56, 2, 84, 100, 5, 68, 3, 34, 4, 84, 46, 36, 30, 99, 33, 45, 93, 29, 97, 50, 84, 45, 98, 72, 43, 71, 11, 4, 70, 63, 24, 69, 49, 64, 48, 65, 56, 50, 69, 70, 81, 81, 58, 90, 46, 48, 14, 96, 80, 1, 78, 97, 11, 1, 98, 84, 65, 74, 47, 43, 92, 26]
[76, 98, 14, 43, 90, 60, 63, 87, 69, 83, 48, 40, 6, 92, 54, 33, 15, 66, 61, 37, 5, 39, 32, 33, 53, 16, 92, 71, 31, 10, 15, 65, 99, 66, 18, 83, 71, 79, 21, 16, 12, 64, 34, 75, 87, 49, 78, 67, 13, 6, 26, 7, 57, 73, 91, 17, 80, 11, 11, 61, 6, 47, 31, 90, 65, 23, 57, 59, 72, 57, 82, 81, 3, 13, 86, 25, 52, 69, 82, 52, 6, 71, 87, 80, 80, 67, 2, 29, 82, 33, 69, 14, 1, 76, 32, 24, 66, 83, 54, 14, 40, 98, 17, 10, 47, 92, 24, 12, 78, 14, 16, 5, 84, 97, 29, 4, 76, 62, 38, 42, 86, 90, 8, 59, 59, 56, 81, 19, 11, 21, 68, 43, 75, 26, 53, 15, 56, 51, 95, 96, 66, 11, 74, 86, 40, 88, 61, 44, 10, 81]
[69, 1, 40, 29, 54, 39, 68, 98, 78, 2, 27, 47, 51, 60, 34, 66, 22, 8, 48, 69, 4, 40, 65, 83, 57, 15, 95, 6, 85, 36, 93, 92, 84, 72, 1, 53, 54, 53, 28, 48, 48, 92, 86, 41, 40, 66, 11, 24, 34, 94, 58, 78, 9, 37, 8, 52, 83, 44, 87, 21, 36, 61, 16, 60, 74, 68, 30, 21, 12, 95, 73, 66, 80, 82, 73, 43, 11, 62, 89, 26, 18, 27, 59, 27, 32, 36, 50, 63, 54, 87, 92, 91, 86, 36, 49, 46, 54, 16, 72, 31, 86, 7, 73, 58, 38, 50, 81, 31, 21, 50, 61, 6, 11, 37, 47, 79, 70, 40, 97, 13, 93, 3, 75, 78, 64, 4, 25, 16, 56, 13, 38, 39, 30, 1, 60, 27, 11, 14, 91, 90, 33, 57, 84, 88, 41, 7, 87, 89, 75, 49]
[35, 97, 4, 28, 18, 36, 28, 79, 68, 35, 89, 89, 67, 74, 84, 16, 54, 76, 33, 67, 84, 10, 75, 5, 73, 12, 53, 20, 16, 87, 12, 61, 28, 32, 60, 25, 36, 93, 50, 9, 7, 87, 53, 45, 38, 53, 42, 38, 66, 24, 19, 96, 69, 81, 61, 26, 84, 21, 23, 65, 75, 28, 93, 70, 25, 64, 11, 64, 94, 53, 19, 7, 6, 39, 96, 75, 20, 21, 91, 84, 65, 77, 41, 57, 39, 56, 40, 68, 55, 55, 12, 28, 38, 85, 91, 28, 23, 41, 65, 15, 79, 1, 4, 16, 34, 53, 82, 48, 29, 3, 81, 7, 21, 99, 2, 25, 99, 2, 26, 6, 7, 48, 6, 4, 78, 76, 52, 90, 79, 17, 69, 24, 12, 92, 67, 53, 12, 28, 73, 25, 23, 13, 58, 87, 53, 65, 36, 40, 17, 78]
[94, 58, 3, 14, 39, 34, 40, 55, 9, 83, 3, 64, 56, 52, 26, 100, 37, 23, 95, 45, 47, 12, 2, 91, 80, 78, 53, 80, 32, 62, 78, 81, 44, 73, 47, 71, 11, 5, 96, 83, 85, 75, 12, 38, 97, 29, 26, 82, 59, 85, 30, 65, 31, 97, 68, 74, 87, 54, 3, 36, 86, 92, 65, 67, 15, 48, 84, 25, 58, 43, 42, 27, 25, 33, 48, 61, 90, 84, 96, 97, 11, 55, 83, 78, 44, 72, 70, 42, 90, 80, 37, 16, 95, 56, 91, 48, 58, 41, 23, 4, 13, 36, 13, 13, 2, 73, 8, 8, 48, 16, 8, 100, 44, 53, 11, 59, 41, 18, 78, 24, 19, 31, 22, 62, 13, 31, 76, 31, 10, 8, 34, 45, 63, 78, 64, 34, 30, 34, 10, 85, 55, 91, 47, 10, 89, 39, 1, 91, 35, 77]
[38, 88, 94, 14, 51, 81, 96, 40, 95, 93, 83, 46, 26, 39, 72, 69, 54, 12, 93, 65, 81, 20, 27, 7, 88, 74, 52, 31, 77, 88, 87, 28, 30, 25, 69, 45, 4, 67, 40, 97, 81, 19, 17, 14, 9, 6, 75, 56, 22, 20, 96, 22, 5, 13, 82, 27, 38, 87, 72, 40, 36, 36, 91, 15, 30, 21, 33, 91, 8, 71, 30, 33, 20, 38, 28, 51, 43, 23, 5, 49, 46, 13, 39, 50, 30, 28, 7, 95, 63, 61, 52, 37, 12, 68, 48, 76, 14, 71, 1, 91, 51, 65, 42, 93, 3, 29, 44, 4, 68, 16, 1, 73, 5, 34, 32, 36, 87, 41, 62, 70, 15, 43, 17, 37, 69, 95, 82, 48, 98, 35, 8, 35, 27, 88, 44, 72, 12, 22, 70, 2, 34, 16, 28, 51, 94, 36, 76, 71, 1, 25]
[70, 62, 3, 68, 25, 53, 24, 26, 37, 6, 22, 12, 30, 69, 77, 28, 96, 89, 4, 68, 82, 69, 81, 95, 57, 80, 89, 70, 43, 47, 66, 91, 29, 97, 48, 64, 6, 89, 56, 16, 59, 62, 61, 10, 76, 15, 23, 27, 40, 37, 28, 21, 21, 3, 88, 82, 16, 8, 15, 69, 96, 36, 2, 87, 39, 59, 34, 77, 41, 10, 59, 15, 94, 32, 54, 43, 100, 96, 10, 10, 27, 37, 65, 59, 9, 19, 80, 60, 81, 57, 75, 2, 30, 82, 82, 88, 73, 92, 39, 63, 64, 93, 75, 61, 65, 89, 89, 87, 67, 94, 87, 80, 42, 82, 27, 10, 57, 1, 93, 23, 41, 36, 38, 84, 95, 2, 76, 90, 16, 81, 85, 40, 82, 59, 60, 49, 62, 84, 13, 13, 34, 56, 80, 57, 95, 67, 4, 85, 27, 52]
[85, 33, 24, 80, 83, 23, 33, 15, 52, 100, 60, 51, 77, 39, 48, 98, 90, 54, 23, 86, 21, 19, 92, 89, 28, 96, 37, 79, 81, 77, 36, 74, 42, 68, 3, 69, 79, 76, 76, 69, 54, 35, 31, 62, 5, 69, 6, 15, 27, 43, 39, 2, 37, 56, 56, 10, 38, 36, 51, 75, 54, 4, 19, 90, 82, 96, 11, 29, 82, 99, 82, 90, 1, 1, 16, 31, 33, 47, 58, 50, 50, 100, 58, 87, 40, 56, 14, 45, 73, 54, 62, 47, 88, 43, 41, 21, 16, 93, 78, 84, 52, 10, 80, 85, 82, 40, 77, 79, 39, 12, 42, 70, 7, 49, 12, 94, 76, 24, 25, 52, 75, 46, 56, 33, 17, 5, 60, 39, 41, 5, 99, 75, 56, 67, 11, 37, 3, 35, 18, 79, 97, 1, 39, 28, 17, 28, 29, 84, 53, 44]
[28, 80, 51, 96, 9, 54, 76, 29, 41, 95, 18, 100, 32, 53, 13, 82, 2, 67, 79, 29, 88, 74, 16, 99, 34, 59, 3, 5, 43, 20, 61, 59, 62, 49, 99, 19, 72, 86, 62, 10, 13, 16, 63, 74, 95, 53, 72, 64, 92, 76, 92, 72, 55, 33, 16, 5, 76, 30, 59, 4, 83, 10, 70, 61, 47, 67, 93, 73, 30, 83, 94, 92, 82, 98, 89, 53, 56, 54, 17, 67, 51, 54, 13, 36, 49, 90, 77, 3, 34, 3, 85, 10, 89, 66, 95, 53, 19, 26, 50, 16, 99, 55, 100, 65, 41, 48, 27, 21, 38, 87, 83, 83, 91, 41, 17, 36, 70, 16, 36, 22, 49, 100, 86, 85, 6, 25, 39, 53, 23, 52, 27, 27, 66, 80, 70, 57, 11, 65, 33, 95, 75, 58, 42, 98, 8, 75, 69, 46, 94, 9]
[45, 20, 88, 2, 14, 96, 73, 74, 56, 71, 21, 25, 48, 18, 58, 90, 18, 29, 6, 37, 9, 47, 46, 40, 64, 90, 38, 19, 69, 98, 92, 72, 100, 94, 68, 71, 53, 69, 77, 51, 67, 22, 35, 74, 79, 65, 19, 97, 59, 21, 23, 11, 3, 45, 40, 26, 6, 92, 43, 22, 8, 19, 41, 64, 33, 84, 61, 29, 58, 15, 21, 93, 13, 58, 68, 93, 67, 10, 36, 21, 87, 82, 96, 33, 30, 74, 71, 28, 69, 76, 59, 71, 90, 75, 90, 3, 81, 29, 64, 70, 2, 54, 62, 19, 65, 39, 13, 72, 8, 11, 41, 17, 41, 11, 33, 81, 31, 71, 60, 40, 80, 42, 32, 83, 41, 6, 40, 54, 75, 88, 90, 96, 77, 91, 10, 68, 26, 92, 43, 66, 99, 69, 50, 13, 16, 67, 79, 88, 21, 11]
[57, 4, 16, 48, 87, 4, 72, 55, 11, 20, 100, 94, 35, 35, 38, 37, 45, 53, 80, 60, 93, 51, 4, 76, 97, 66, 50, 94, 10, 69, 89, 62, 93, 45, 37, 35, 70, 82, 80, 49, 78, 11, 21, 25, 90, 49, 13, 5, 4, 74, 42, 63, 14, 86, 55, 69, 14, 24, 32, 17, 81, 69, 72, 13, 13, 93, 70, 58, 38, 22, 1, 5, 46, 53, 53, 88, 2, 19, 56, 36, 29, 97, 78, 18, 37, 5, 17, 57, 85, 33, 72, 38, 58, 41, 92, 50, 32, 18, 74, 17, 16, 6, 2, 10, 20, 87, 57, 54, 100, 28, 74, 45, 4, 28, 100, 49, 4, 93, 30, 32, 46, 10, 87, 15, 69, 50, 16, 36, 54, 54, 94, 40, 100, 49, 92, 4, 5, 8, 58, 26, 5, 49, 29, 22, 4, 72, 20, 24, 88, 78]
[100, 66, 86, 6, 42, 67, 31, 71, 75, 76, 48, 44, 98, 14, 16, 35, 17, 92, 64, 25, 16, 89, 53, 61, 19, 73, 61, 35, 39, 7, 39, 1, 16, 57, 77, 71, 37, 33, 3, 82, 33, 93, 55, 81, 64, 86, 11, 34, 89, 71, 78, 44, 1, 70, 64, 97, 83, 71, 32, 4, 81, 69, 57, 29, 36, 7, 60, 73, 6, 81, 81, 48, 79, 79, 25, 7, 77, 30, 91, 18, 95, 1, 4, 35, 100, 22, 88, 1, 66, 66, 3, 30, 96, 86, 98, 9, 15, 30, 31, 63, 98, 65, 9, 91, 34, 10, 89, 83, 91, 10, 26, 79, 91, 12, 6, 15, 24, 62, 34, 46, 54, 79, 11, 17, 56, 55, 82, 63, 10, 87, 68, 5, 57, 79, 26, 24, 32, 87, 11, 19, 87, 13, 98, 81, 28, 69, 40, 38, 42, 54]
[64, 92, 28, 38, 10, 46, 62, 58, 20, 46, 47, 24, 38, 37, 11, 40, 89, 100, 73, 45, 16, 29, 3, 62, 50, 90, 89, 68, 31, 35, 90, 35, 36, 79, 25, 56, 68, 9, 65, 37, 39, 13, 3, 78, 39, 7, 24, 49, 20, 73, 27, 81, 86, 22, 21, 99, 83, 1, 93, 65, 36, 80, 45, 80, 87, 74, 16, 80, 68, 7, 89, 74, 6, 86, 94, 31, 70, 100, 81, 82, 99, 74, 62, 33, 4, 38, 40, 60, 58, 58, 22, 66, 8, 95, 45, 25, 62, 93, 99, 68, 72, 42, 99, 60, 27, 9, 29, 14, 2, 3, 40, 86, 44, 57, 76, 38, 57, 23, 95, 15, 82, 28, 100, 23, 89, 26, 21, 17, 16, 25, 59, 76, 56, 18, 38, 4, 66, 91, 29, 54, 100, 35, 42, 98, 55, 60, 9, 99, 2, 59]
[16, 100, 41, 59, 92, 6, 78, 98, 14, 54, 66, 37, 63, 54, 37, 18, 66, 39, 35, 14, 41, 100, 53, 7, 61, 84, 6, 6, 68, 94, 53, 15, 50, 23, 18, 18, 19, 67, 96, 63, 82, 45, 12, 15, 2, 48, 64, 39, 94, 20, 74, 54, 9, 40, 56, 27, 38, 10, 83, 12, 37, 88, 5, 50, 28, 21, 77, 82, 5, 5, 18, 33, 24, 19, 69, 74, 16, 30, 4, 14, 30, 73, 62, 13, 84, 86, 98, 55, 10, 76, 25, 1, 80, 15, 29, 7, 46, 73, 89, 72, 70, 30, 3, 86, 58, 72, 27, 51, 49, 34, 81, 38, 57, 12, 32, 28, 93, 36, 21, 96, 25, 1, 90, 5, 98, 73, 58, 51, 3, 51, 14, 28, 41, 24, 58, 59, 54, 93, 60, 59, 62, 81, 31, 54, 27, 37, 56, 23, 59, 42]
[71, 30, 13, 57, 46, 36, 60, 4, 30, 99, 10, 96, 31, 65, 31, 39, 87, 53, 24, 18, 1, 71, 53, 50, 2, 91, 25, 69, 63, 96, 2, 6, 96, 22, 13, 28, 55, 95, 81, 31, 19, 86, 30, 62, 23, 87, 4, 90, 26, 57, 10, 37, 19, 14, 37, 31, 80, 60, 9, 43, 75, 20, 19, 27, 86, 86, 89, 5, 100, 30, 35, 95, 82, 90, 11, 88, 73, 35, 80, 73, 41, 5, 69, 17, 49, 44, 93, 65, 67, 6, 68, 2, 73, 38, 86, 77, 14, 41, 52, 46, 44, 22, 55, 38, 63, 25, 87, 41, 70, 19, 32, 58, 14, 40, 85, 92, 27, 11, 4, 70, 98, 21, 49, 94, 21, 19, 75, 41, 85, 63, 55, 67, 39, 10, 29, 50, 51, 59, 90, 87, 100, 39, 95, 65, 78, 24, 87, 11, 18, 29]
[54, 82, 31, 11, 19, 79, 53, 58, 65, 29, 53, 10, 77, 51, 34, 22, 15, 97, 36, 17, 12, 18, 48, 45, 4, 71, 94, 97, 9, 94, 53, 82, 52, 78, 91, 62, 60, 17, 35, 94, 24, 84, 97, 59, 33, 24, 90, 32, 61, 4, 86, 74, 40, 52, 45, 72, 73, 21, 94, 46, 47, 73, 41, 89, 29, 6, 34, 16, 18, 31, 4, 31, 43, 29, 14, 11, 41, 25, 98, 18, 15, 95, 10, 11, 81, 72, 2, 24, 29, 83, 7, 31, 85, 52, 66, 26, 96, 87, 34, 75, 19, 24, 53, 58, 40, 18, 12, 8, 12, 12, 23, 50, 4, 50, 36, 89, 91, 60, 24, 24, 11, 15, 3, 22, 25, 95, 37, 48, 74, 50, 42, 53, 65, 25, 99, 52, 86, 25, 42, 46, 30, 32, 31, 49, 20, 34, 10, 57, 22, 29]
[80, 88, 6, 5, 29, 25, 27, 16, 45, 99, 78, 1, 78, 22, 10, 57, 35, 47, 86, 89, 75, 56, 4, 30, 49, 31, 23, 27, 88, 38, 11, 84, 21, 56, 51, 48, 93, 51, 94, 90, 18, 74, 5, 71, 96, 60, 82, 45, 22, 66, 3, 7, 85, 27, 75, 48, 48, 93, 17, 4, 90, 29, 76, 96, 100, 32, 81, 13, 32, 27, 65, 17, 25, 45, 66, 28, 13, 60, 60, 49, 19, 25, 39, 95, 70, 46, 32, 78, 98, 62, 50, 84, 32, 79, 44, 81, 72, 98, 17, 77, 44, 72, 57, 42, 44, 42, 73, 97, 25, 65, 61, 69, 31, 75, 26, 83, 36, 48, 30, 27, 10, 100, 90, 35, 92, 17, 74, 39, 4, 87, 96, 91, 70, 17, 3, 55, 29, 16, 74, 14, 26, 70, 87, 46, 22, 49, 82, 35, 51, 1]
[25, 73, 51, 46, 55, 84, 82, 54, 34, 74, 43, 95, 25, 1, 4, 34, 14, 2, 73, 61, 33, 39, 15, 55, 34, 6, 14, 63, 56, 87, 14, 67, 91, 62, 33, 82, 42, 62, 42, 88, 19, 39, 53, 15, 5, 56, 67, 88, 57, 5, 5, 42, 45, 83, 46, 50, 46, 2, 65, 1, 3, 22, 82, 60, 15, 97, 57, 70, 60, 9, 21, 39, 49, 2, 98, 4, 43, 46, 64, 98, 37, 45, 35, 46, 18, 10, 22, 93, 90, 54, 48, 48, 16, 29, 32, 84, 15, 5, 71, 84, 42, 46, 23, 83, 69, 16, 7, 97, 22, 18, 71, 52, 43, 17, 35, 51, 60, 2, 44, 20, 55, 29, 80, 48, 35, 55, 72, 34, 61, 15, 10, 74, 100, 71, 62, 99, 66, 43, 61, 91, 58, 46, 16, 69, 18, 10, 25, 75, 59, 39]
[3, 41, 87, 18, 38, 95, 23, 34, 77, 37, 72, 69, 90, 89, 93, 6, 32, 73, 7, 83, 7, 55, 38, 75, 82, 81, 13, 4, 61, 36, 80, 41, 48, 19, 22, 97, 99, 97, 19, 85, 83, 1, 87, 75, 48, 8, 75, 54, 67, 98, 44, 9, 8, 78, 97, 71, 94, 48, 54, 46, 57, 46, 47, 4, 46, 66, 10, 30, 94, 56, 73, 15, 64, 4, 17, 91, 58, 62, 10, 93, 28, 22, 79, 55, 86, 48, 56, 6, 1, 44, 83, 39, 84, 40, 95, 53, 49, 38, 95, 59, 38, 87, 81, 63, 99, 30, 44, 20, 80, 63, 9, 63, 54, 80, 32, 85, 66, 62, 23, 82, 28, 40, 63, 83, 28, 91, 98, 10, 3, 41, 55, 39, 96, 84, 41, 66, 87, 5, 71, 12, 51, 97, 81, 25, 85, 67, 61, 56, 41, 86]
[27, 59, 52, 65, 20, 12, 7, 55, 78, 30, 42, 49, 50, 59, 53, 64, 30, 19, 70, 73, 71, 95, 38, 98, 47, 74, 87, 51, 4, 13, 32, 84, 66, 41, 70, 9, 46, 22, 17, 4, 37, 33, 68, 18, 11, 27, 31, 30, 18, 40, 22, 5, 20, 45, 30, 31, 81, 97, 10, 14, 56, 2, 7, 15, 5, 7, 78, 28, 79, 78, 6, 83, 22, 7, 75, 81, 100, 54, 67, 97, 43, 59, 95, 95, 99, 82, 51, 97, 9, 26, 80, 72, 92, 76, 97, 76, 41, 62, 97, 48, 52, 21, 74, 84, 5, 16, 31, 28, 55, 51, 81, 34, 54, 48, 19, 55, 93, 93, 38, 41, 82, 54, 34, 44, 24, 2, 12, 39, 31, 74, 59, 42, 79, 33, 57, 13, 15, 14, 20, 10, 58, 20, 59, 26, 72, 66, 82, 75, 81, 21]
[50, 11, 65, 78, 6, 65, 87, 95, 5, 62, 33, 6, 46, 60, 2, 86, 44, 72, 22, 76, 21, 36, 1, 28, 55, 95, 34, 75, 8, 55, 22, 27, 21, 13, 76, 39, 12, 16, 22, 19, 32, 52, 33, 73, 38, 80, 74, 4, 63, 14, 91, 29, 23, 75, 69, 19, 83, 34, 78, 12, 77, 5, 36, 23, 68, 56, 89, 1, 22, 76, 84, 60, 47, 20, 51, 98, 67, 87, 48, 86, 67, 20, 87, 43, 4, 82, 22, 89, 52, 44, 57, 42, 10, 64, 48, 12, 77, 60, 30, 79, 54, 88, 30, 84, 8, 71, 98, 67, 68, 19, 36, 28, 19, 40, 96, 96, 35, 78, 42, 60, 21, 16, 2, 4, 79, 77, 57, 56, 43, 85, 79, 22, 48, 8, 54, 46, 63, 1, 20, 91, 21, 18, 93, 24, 59, 50, 9, 37, 35, 59]
[23, 84, 65, 29, 12, 56, 33, 58, 81, 34, 15, 98, 74, 13, 6, 60, 10, 73, 39, 48, 25, 28, 27, 69, 83, 33, 11, 14, 88, 79, 77, 21, 43, 97, 28, 39, 43, 47, 15, 98, 76, 11, 14, 25, 12, 25, 86, 40, 15, 49, 76, 35, 3, 21, 82, 71, 36, 74, 56, 89, 6, 36, 3, 25, 34, 9, 92, 17, 59, 72, 51, 15, 64, 13, 9, 29, 14, 14, 72, 40, 83, 55, 56, 91, 52, 47, 20, 3, 14, 91, 17, 93, 98, 72, 36, 16, 28, 33, 71, 38, 82, 64, 93, 87, 31, 14, 50, 16, 78, 9, 44, 3, 59, 7, 66, 5, 88, 49, 52, 64, 65, 18, 83, 63, 14, 53, 60, 52, 14, 22, 34, 28, 19, 85, 66, 48, 82, 44, 46, 21, 30, 12, 6, 89, 55, 19, 47, 80, 94, 77]
[91, 48, 70, 79, 97, 36, 53, 8, 42, 97, 95, 31, 77, 24, 77, 43, 16, 95, 74, 10, 60, 94, 92, 60, 67, 56, 39, 100, 70, 49, 63, 82, 14, 33, 98, 84, 87, 86, 87, 74, 99, 33, 42, 57, 64, 46, 29, 17, 43, 39, 45, 35, 22, 96, 82, 35, 95, 44, 26, 42, 8, 69, 16, 48, 15, 72, 91, 3, 8, 32, 34, 43, 61, 84, 16, 69, 23, 80, 74, 98, 80, 18, 28, 58, 82, 9, 83, 35, 42, 20, 99, 46, 76, 81, 36, 13, 45, 94, 28, 82, 53, 100, 32, 17, 56, 48, 19, 95, 56, 11, 71, 8, 93, 37, 43, 92, 83, 85, 84, 24, 81, 10, 100, 54, 4, 15, 55, 27, 100, 39, 61, 61, 73, 64, 1, 100, 16, 40, 50, 25, 37, 55, 40, 16, 78, 32, 20, 98, 23, 5]
[77, 10, 62, 67, 14, 49, 47, 95, 81, 8, 79, 40, 53, 74, 49, 44, 40, 35, 97, 52, 56, 75, 45, 55, 14, 26, 14, 34, 36, 42, 34, 72, 73, 36, 64, 70, 84, 14, 80, 95, 26, 18, 99, 31, 21, 4, 54, 27, 45, 63, 60, 64, 20, 32, 16, 1, 56, 12, 20, 19, 24, 73, 16, 53, 19, 19, 47, 3, 81, 38, 35, 64, 61, 54, 39, 73, 92, 67, 7, 82, 44, 80, 48, 9, 17, 65, 73, 13, 16, 36, 46, 36, 59, 35, 81, 43, 28, 10, 42, 51, 63, 51, 99, 17, 87, 33, 95, 4, 14, 68, 71, 63, 67, 78, 52, 46, 78, 74, 81, 15, 75, 21, 31, 49, 40, 78, 22, 72, 48, 65, 62, 36, 58, 47, 68, 35, 50, 14, 66, 45, 13, 100, 59, 65, 33, 40, 94, 54, 30, 10]
[40, 92, 27, 39, 93, 88, 14, 6, 41, 90, 7, 41, 80, 14, 57, 97, 44, 87, 91, 5, 33, 94, 45, 66, 40, 83, 39, 10, 13, 93, 79, 35, 89, 99, 4, 17, 35, 19, 77, 32, 26, 61, 66, 50, 2, 17, 76, 74, 35, 15, 95, 70, 96, 3, 77, 43, 40, 11, 79, 64, 46, 18, 59, 82, 50, 18, 40, 90, 82, 19, 88, 57, 54, 34, 43, 46, 27, 2, 46, 61, 21, 82, 61, 88, 22, 57, 93, 7, 17, 29, 93, 97, 97, 49, 28, 51, 92, 2, 80, 2, 14, 90, 11, 54, 66, 65, 39, 53, 7, 94, 95, 84, 95, 85, 61, 79, 49, 33, 76, 3, 84, 72, 57, 8, 40, 87, 2, 86, 65, 24, 80, 92, 71, 42, 81, 31, 24, 3, 65, 3, 68, 67, 14, 37, 54, 19, 82, 66, 86, 21]
[100, 6, 50, 41, 78, 29, 77, 81, 35, 62, 25, 68, 28, 55, 27, 29, 60, 67, 10, 62, 96, 26, 40, 88, 3, 36, 43, 33, 88, 99, 65, 60, 41, 27, 86, 44, 42, 42, 71, 7, 82, 24, 45, 38, 47, 65, 54, 30, 9, 61, 29, 14, 50, 13, 65, 56, 100, 71, 48, 30, 42, 71, 71, 28, 40, 58, 17, 2, 53, 21, 80, 82, 74, 68, 5, 12, 87, 17, 65, 59, 41, 82, 66, 81, 32, 28, 29, 27, 12, 10, 83, 63, 19, 7, 17, 49, 96, 88, 80, 83, 72, 34, 82, 15, 82, 87, 5, 39, 1, 36, 69, 20, 9, 79, 63, 76, 32, 52, 61, 54, 60, 13, 56, 17, 75, 50, 10, 2, 11, 38, 59, 56, 63, 35, 63, 21, 13, 41, 31, 67, 88, 6, 81, 65, 49, 32, 7, 15, 13, 54]
[84, 33, 33, 76, 25, 55, 14, 52, 1, 93, 77, 28, 44, 25, 92, 70, 54, 8, 77, 20, 1, 73, 96, 57, 45, 18, 52, 16, 7, 37, 84, 50, 70, 73, 34, 79, 91, 50, 18, 44, 90, 67, 93, 62, 35, 71, 60, 33, 94, 48, 100, 27, 55, 85, 3, 58, 57, 69, 30, 70, 9, 4, 33, 20, 34, 59, 7, 8, 5, 81, 87, 79, 98, 33, 39, 34, 29, 72, 3, 16, 34, 79, 95, 88, 68, 97, 82, 56, 27, 31, 44, 40, 83, 67, 30, 74, 57, 52, 97, 60, 78, 17, 65, 30, 25, 13, 19, 92, 1, 79, 80, 31, 56, 99, 38, 83, 54, 81, 63, 37, 30, 23, 77, 22, 73, 23, 37, 88, 69, 51, 2, 70, 57, 33, 63, 77, 14, 18, 64, 27, 46, 26, 21, 71, 79, 23, 87, 62, 5, 94]
[52, 21, 76, 35, 28, 84, 24, 43, 8, 92, 80, 72, 82, 80, 20, 88, 69, 76, 20, 60, 7, 18, 39, 30, 5, 17, 7, 21, 52, 97, 51, 99, 12, 47, 7, 23, 69, 97, 3, 83, 83, 95, 18, 89, 13, 53, 41, 40, 86, 37, 7, 46, 48, 99, 93, 17, 53, 73, 81, 9, 60, 52, 51, 41, 75, 68, 29, 96, 51, 29, 65, 38, 24, 90, 65, 98, 92, 62, 4, 16, 79, 16, 83, 49, 84, 10, 83, 52, 80, 34, 35, 67, 56, 46, 26, 50, 46, 23, 6, 68, 40, 96, 25, 86, 35, 45, 57, 7, 52, 80, 62, 62, 50, 23, 51, 34, 45, 65, 70, 42, 70, 71, 78, 91, 65, 33, 14, 33, 61, 5, 64, 4, 30, 96, 14, 51, 64, 24, 35, 79, 14, 89, 31, 30, 31, 75, 82, 29, 74, 32]
[31, 42, 46, 100, 5, 64, 92, 86, 76, 78, 47, 9, 73, 57, 27, 74, 22, 73, 45, 5, 55, 19, 46, 59, 99, 39, 52, 48, 73, 72, 68, 33, 52, 74, 73, 18, 40, 82, 12, 83, 87, 60, 24, 64, 36, 70, 77, 95, 51, 50, 92, 52, 20, 80, 96, 85, 8, 18, 83, 82, 29, 81, 66, 61, 61, 79, 36, 6, 81, 25, 52, 7, 30, 10, 69, 38, 59, 8, 27, 73, 26, 19, 38, 95, 83, 8, 4, 81, 55, 70, 78, 65, 91, 73, 14, 3, 29, 52, 76, 79, 84, 98, 12, 84, 27, 14, 97, 89, 73, 75, 59, 28, 21, 84, 71, 17, 4, 34, 19, 35, 40, 38, 33, 17, 26, 84, 66, 73, 30, 81, 14, 40, 1, 61, 99, 64, 87, 83, 60, 9, 78, 47, 9, 26, 66, 84, 59, 63, 88, 56]
[83, 19, 87, 12, 8, 40, 51, 77, 82, 38, 44, 100, 84, 3, 54, 94, 97, 59, 100, 94, 50, 15, 64, 73, 12, 13, 37, 98, 82, 50, 80, 52, 1, 27, 35, 47, 39, 87, 68, 91, 91, 38, 77, 84, 48, 42, 35, 83, 11, 45, 73, 15, 2, 56, 57, 13, 95, 96, 18, 6, 17, 11, 76, 88, 30, 19, 23, 61, 73, 78, 43, 5, 62, 80, 13, 67, 96, 87, 1, 58, 70, 14, 8, 61, 17, 7, 51, 27, 82, 10, 51, 18, 64, 43, 39, 4, 24, 16, 50, 56, 89, 47, 37, 62, 39, 64, 99, 81, 49, 24, 21, 58, 37, 44, 3, 3, 2, 78, 51, 34, 42, 59, 90, 17, 61, 8, 30, 90, 67, 15, 25, 26, 46, 20, 99, 80, 54, 55, 15, 57, 47, 43, 51, 100, 3, 80, 55, 41, 82, 65]
[84, 44, 1, 43, 80, 26, 64, 61, 40, 64, 1, 86, 13, 90, 90, 86, 13, 61, 72, 88, 60, 46, 51, 16, 41, 20, 29, 33, 92, 52, 40, 26, 40, 47, 62, 1, 15, 60, 86, 26, 45, 86, 4, 78, 35, 100, 13, 71, 5, 48, 41, 85, 64, 56, 33, 6, 87, 93, 7, 47, 84, 63, 76, 90, 36, 35, 99, 59, 94, 66, 68, 16, 34, 30, 32, 60, 9, 18, 12, 75, 26, 88, 92, 73, 43, 12, 72, 64, 57, 39, 6, 58, 60, 91, 73, 28, 16, 44, 73, 28, 44, 88, 12, 36, 17, 25, 63, 74, 22, 33, 100, 7, 30, 33, 77, 5, 5, 10, 17, 84, 66, 2, 88, 64, 14, 76, 5, 5, 30, 90, 43, 64, 54, 87, 26, 21, 73, 81, 47, 1, 33, 39, 24, 73, 7, 29, 50, 91, 30, 63]
[71, 49, 63, 70, 46, 75, 9, 48, 52, 47, 63, 13, 37, 28, 54, 23, 74, 24, 16, 74, 91, 36, 27, 40, 47, 30, 68, 99, 89, 75, 19, 32, 6, 6, 50, 35, 27, 62, 39, 3, 50, 2, 49, 66, 16, 55, 39, 39, 8, 14, 40, 14, 68, 90, 53, 96, 70, 28, 45, 96, 28, 33, 94, 32, 96, 8, 8, 52, 71, 53, 35, 14, 40, 14, 10, 20, 13, 65, 95, 13, 64, 88, 83, 23, 79, 90, 71, 36, 85, 88, 6, 66, 26, 37, 68, 10, 72, 45, 54, 38, 17, 15, 77, 18, 43, 90, 27, 99, 5, 72, 83, 76, 40, 86, 46, 25, 70, 69, 21, 83, 13, 41, 27, 64, 55, 83, 74, 59, 33, 1, 92, 96, 58, 31, 10, 84, 44, 79, 49, 3, 70, 23, 19, 43, 50, 1, 75, 71, 60, 38]
[94, 27, 68, 95, 26, 96, 75, 86, 98, 47, 60, 98, 23, 36, 27, 65, 37, 10, 59, 7, 30, 84, 77, 46, 34, 61, 66, 61, 72, 95, 75, 50, 48, 30, 37, 61, 21, 77, 20, 46, 22, 38, 29, 95, 71, 58, 76, 56, 34, 28, 20, 74, 99, 20, 22, 71, 37, 19, 82, 85, 21, 6, 6, 84, 8, 19, 78, 52, 41, 62, 32, 80, 96, 93, 59, 80, 15, 57, 22, 47, 93, 20, 41, 20, 94, 8, 26, 68, 52, 23, 32, 3, 39, 67, 72, 42, 83, 82, 75, 38, 66, 71, 87, 3, 97, 84, 88, 64, 80, 54, 62, 51, 44, 20, 22, 68, 67, 18, 84, 2, 97, 37, 34, 3, 63, 4, 19, 91, 78, 51, 8, 75, 84, 93, 48, 45, 8, 6, 43, 18, 84, 8, 56, 35, 74, 23, 46, 3, 41, 5]
[33, 21, 76, 75, 54, 80, 60, 28, 91, 37, 97, 65, 18, 23, 94, 80, 100, 56, 58, 42, 25, 13, 85, 46, 49, 80, 21, 61, 63, 34, 84, 73, 65, 24, 52, 88, 88, 12, 11, 93, 43, 97, 5, 89, 39, 87, 5, 91, 88, 76, 74, 90, 66, 7, 94, 42, 64, 21, 46, 86, 83, 18, 45, 59, 62, 79, 30, 69, 88, 14, 10, 9, 20, 92, 2, 39, 40, 19, 11, 87, 32, 14, 59, 36, 39, 99, 52, 96, 52, 29, 10, 32, 16, 36, 58, 100, 83, 50, 15, 5, 87, 55, 61, 45, 69, 6, 43, 57, 95, 40, 39, 60, 43, 26, 86, 32, 25, 58, 50, 100, 77, 22, 54, 88, 20, 73, 61, 82, 7, 18, 13, 63, 49, 67, 32, 61, 76, 74, 38, 93, 16, 62, 99, 100, 70, 57, 10, 58, 11, 92]
